1 2127 0.8737940761636193
2 1391 0.8896908698777867
3 782 0.8905370843989746
4 468 0.9094017094017077
5 317 0.9205047318611982
6 237 0.9373839662447256
7 177 0.9405649717514122
8 112 0.9599999999999992
9 102 0.9666666666666663
10 68 0.9782352941176474
11 53 0.9720754716981134
12 43 0.9711627906976749
13 39 0.9815384615384618
14 33 0.9927272727272729
15 29 0.990344827586207
16 14 0.9942857142857144
17 15 0.984
18 5 0.992
19 1 1.0
20 5 1.0
21 10 0.9879999999999999
22 4 1.0
23 2 1.0
26 2 1.0
27 1 1.0
30 1 1.0
31 1 1.0
39 1 1.0
