1 2127 0.902924306535036
2 1391 0.9134148094895791
3 782 0.9286445012787714
4 468 0.938119658119655
5 317 0.9477602523659301
6 237 0.9583122362869191
7 177 0.9651977401129939
8 112 0.9728571428571423
9 102 0.9749019607843131
10 68 0.9876470588235295
11 53 0.9826415094339624
12 43 0.9916279069767442
13 39 0.9917948717948718
14 33 0.9951515151515152
15 29 0.9944827586206898
16 14 0.9971428571428572
17 15 1.0
18 5 0.992
19 1 1.0
20 5 0.992
21 10 1.0
22 4 1.0
23 2 1.0
26 2 1.0
27 1 1.0
30 1 1.0
31 1 1.0
39 1 1.0
