1.0 0.0035430463576158608
2.0 0.01160264900662242
3.0 0.02018543046357679
4.0 0.02696026490066272
5.002 0.03472847682119141
6.002 0.0433841059602648
7.002 0.05305960264900855
8.003 0.06346357615894216
9.003 0.07445033112582936
10.003 0.08435761589404167
11.003 0.09277483443708855
12.003 0.10090728476821349
13.003 0.10942384105960358
14.003 0.11929139072847794
15.003 0.12768211920529962
16.003 0.13494039735099497
17.004 0.14437086092715398
18.004 0.15434437086092875
19.004 0.1641854304635779
20.004 0.17360264900662412
21.004 0.18315894039735203
22.004 0.19314569536423837
23.004 0.20446357615893893
24.004 0.21555629139072582
25.004 0.22458278145695015
26.004 0.234251655629136
27.005 0.2431523178807922
28.007 0.2539668874172154
29.008 0.2642516556291352
30.008 0.2744039735099292
31.008 0.2819006622516505
32.007999999999996 0.2901854304635717
33.008 0.29896026490065863
34.008 0.307086092715228
35.008 0.31652317880794306
36.008 0.326013245033108
37.009 0.33468211920529295
38.009 0.34278145695363765
39.009 0.35059602649006155
40.009 0.3588344370860882
41.009 0.3666490066225134
42.009 0.3747880794701946
43.009 0.3834834437086051
44.01 0.3923311258278097
45.01 0.40068211920529323
46.01 0.4069801324503268
47.01 0.4145695364238378
48.011 0.4210794701986724
49.011 0.42850993377483115
50.012 0.43686754966887076
51.012 0.44365562913906853
52.013 0.45125827814569164
53.014 0.45776821192052636
54.016 0.46441721854304324
55.016 0.47121854304635497
56.016 0.477304635761588
57.016 0.4831456953642374
58.017 0.48903311258278054
59.018 0.49507947019867476
60.018 0.5004172185430459
61.018 0.5060993377483437
62.019 0.5118874172185436
63.019 0.5180596026490081
64.02000000000001 0.5234900662251677
65.022 0.5289668874172205
66.022 0.5340463576158962
67.024 0.5388079470198696
68.024 0.5437682119205322
69.024 0.5482317880794736
70.025 0.5534304635761628
71.025 0.5585695364238458
72.025 0.5629536423841116
73.025 0.5674304635761644
74.026 0.5721523178808
75.026 0.5768874172185489
76.027 0.5808543046357678
77.027 0.585456953642391
78.027 0.5896357615894107
79.027 0.5938344370861002
80.027 0.5977615894039813
81.027 0.6016490066225245
82.028 0.605251655629147
83.029 0.6095629139072928
84.029 0.6131192052980212
85.03 0.6171192052980221
86.03 0.6213377483443797
87.03 0.6251589403973601
88.031 0.6289205298013337
89.033 0.6323046357615987
90.033 0.6356887417218647
91.033 0.6392582781457056
92.033 0.6427350993377595
93.034 0.6461854304635867
94.035 0.6497615894039848
95.035 0.6530596026490181
96.054 0.6559403973510046
97.054 0.6584768211920644
98.054 0.6614437086092829
99.054 0.6644701986755083
100.055 0.6677947019867663
101.055 0.6703443708609386
102.055 0.6733907284768335
103.055 0.6766026490066352
104.056 0.6792450331125954
105.056 0.6815099337748476
106.057 0.6840463576159083
107.057 0.6869867549669018
108.057 0.6894105960265047
109.058 0.6918940397351147
110.058 0.6945695364238573
111.058 0.6969470198675664
112.058 0.6992516556291556
113.058 0.7016754966887587
114.058 0.7042582781457124
115.058 0.7066887417218717
116.058 0.7090397350993559
117.058 0.7113642384106141
118.059 0.7139801324503502
119.06 0.7161523178808145
120.06 0.7181788079470403
121.061 0.719960264900683
122.061 0.7223907284768425
123.061 0.7249668874172406
124.061 0.7270198675496913
125.062 0.7291390728477056
126.062 0.7314569536424079
127.062 0.7335033112583026
128.062 0.7354238410596275
129.062 0.7374172185430716
130.062 0.739622516556317
131.062 0.7413708609271785
132.064 0.7431655629139343
133.066 0.745284768211948
134.066 0.7471788079470477
135.066 0.7490860927152598
136.066 0.7509337748344658
137.069 0.7527086092715526
138.069 0.7546754966887713
139.069 0.7561920529801631
140.069 0.7579006622516864
141.069 0.7598675496689054
142.07 0.7614701986755282
143.07 0.7631258278146014
144.07 0.7647350993377807
145.071 0.7663311258278475
146.071 0.7679205298013575
147.072 0.7694105960265235
148.072 0.7710728476821525
149.074 0.7726754966887749
150.074 0.7741721854304967
151.076 0.7757549668874504
152.076 0.7768807947020204
153.076 0.778655629139107
154.076 0.7800596026490404
155.077 0.7813642384106304
156.078 0.7827682119205649
157.078 0.7839470198675853
158.079 0.7851258278146056
159.079 0.7863642384106325
160.079 0.7876092715232155
161.079 0.7890463576159311
162.079 0.7902384105960638
163.079 0.7919072847682492
164.08 0.7934172185430838
165.08 0.7947549668874544
166.08 0.7960927152318256
167.08 0.7971920529801703
168.08 0.7985960264901044
169.08 0.7999801324503694
170.08 0.8009403973510314
171.08 0.8022185430463971
172.082 0.8035298013245432
173.083 0.8047947019867946
174.083 0.8059271523179202
175.083 0.8069668874172587
176.083 0.8084834437086498
177.083 0.8096092715232199
178.084 0.8106092715232205
179.086 0.8118476821192476
180.086 0.8130132450331558
181.086 0.8140993377483876
182.086 0.8152582781457388
183.087 0.8161456953642822
184.087 0.817549668874216
185.087 0.8186556291391173
186.087 0.8196688741722303
187.087 0.8208543046358067
188.087 0.8219602649007073
189.087 0.822860927152363
190.088 0.8237417218543498
191.089 0.8248211920530255
192.089 0.8259536423841518
193.089 0.8269867549669337
194.089 0.8281986754967354
195.09 0.8293178807947482
196.091 0.8301721854305094
197.091 0.8310000000000464
198.092 0.8318543046358079
199.092 0.8328609271523644
200.092 0.8339271523179275
201.092 0.8347682119205769
202.092 0.8357880794702456
203.092 0.8366887417219009
204.092 0.8376688741722323
205.092 0.838609271523226
206.093 0.8393708609271999
207.093 0.8403841059603128
208.103 0.8412913907285247
209.103 0.8420662251656108
210.103 0.8430397350993853
211.104 0.8438874172185902
212.104 0.8448874172185903
213.104 0.8456688741722329
214.104 0.8465430463576638
215.104 0.8473907284768694
216.104 0.848000000000048
217.104 0.8488675496689223
218.106 0.849827814569584
219.106 0.8506821192053458
220.107 0.8516158940397828
221.107 0.8522980132450808
222.108 0.8531920529801807
223.108 0.8541390728477309
224.108 0.8546953642384594
225.109 0.855417218543095
226.109 0.856125827814618
227.109 0.8570132450331611
228.109 0.8576092715232276
229.109 0.8582185430464064
230.109 0.8590000000000491
231.109 0.8596821192053473
232.111 0.8603377483444204
233.111 0.8610264900662743
234.111 0.8619205298013735
235.114 0.8627152317881285
236.114 0.8633046357616383
237.114 0.8642317880795194
238.114 0.8649271523179306
239.115 0.8655231788079969
240.116 0.8661788079470699
241.116 0.866966887417268
242.116 0.8676423841060097
243.116 0.8682582781457449
244.116 0.8689470198675995
245.117 0.869708609271573
246.117 0.8703576158940896
247.117 0.8709602649007121
248.117 0.8716291390728976
249.117 0.8723178807947517
250.117 0.8729735099338246
251.117 0.873569536423891
252.117 0.8741059602649502
253.118 0.8748741721854806
254.118 0.87535761589409
255.118 0.8760794701987256
256.118 0.8767218543046852
257.118 0.8771788079470693
258.119 0.8776887417219037
259.119 0.8782119205298505
260.121 0.878880794702036
261.121 0.8795894039735596
262.122 0.8801125827815064
263.122 0.8807483443709099
264.122 0.881410596026539
265.123 0.8820264900662743
266.123 0.8825231788079964
267.125 0.8829271523179302
268.125 0.8837549668874668
269.125 0.8843377483444208
270.125 0.8847615894040236
271.125 0.8853841059603146
272.126 0.8860529801324998
273.126 0.8866092715232284
274.128 0.8871059602649504
275.128 0.8876688741722352
276.128 0.8882450331126325
277.13 0.8886887417219039
278.132 0.8892119205298509
279.132 0.8897814569536915
280.133 0.8903245033113073
281.133 0.8908543046358106
282.134 0.8912913907285258
283.135 0.8917814569536913
284.135 0.8924172185430953
285.135 0.8929403973510421
286.135 0.8934635761589886
287.135 0.8939867549669352
288.135 0.8944370860927632
289.135 0.894900662251704
290.137 0.895291390728525
291.137 0.8959403973510415
292.138 0.8964768211921014
293.139 0.8968940397351475
294.139 0.8973907284768688
295.141 0.8979337748344848
296.141 0.8984370860927631
297.142 0.898774834437134
298.142 0.8992781456954124
299.142 0.8997417218543527
300.158 0.9000596026490547
301.158 0.9004900662252133
302.159 0.9008344370861402
303.16 0.9013576158940871
304.16 0.9017284768212397
305.16 0.9020132450331603
306.16 0.9025496688742201
307.16 0.903000000000048
308.16 0.903384105960313
309.161 0.903754966887465
310.161 0.9042516556291864
311.161 0.9047483443709082
312.161 0.9051589403973983
313.162 0.9055033112583255
314.162 0.9060000000000474
315.163 0.9063509933775307
316.17 0.9067019867550138
317.17 0.9070728476821658
318.171 0.907423841059649
319.172 0.9077814569536887
320.173 0.9081258278146159
321.173 0.9084768211920992
322.174 0.9089205298013707
323.174 0.9093774834437547
324.176 0.9097947019868009
325.176 0.910192052980178
326.176 0.9106092715232242
327.177 0.9108675496689197
328.177 0.9111589403973965
329.178 0.9115231788079926
330.178 0.9119403973510388
331.179 0.9122781456954095
332.179 0.9126158940397804
333.181 0.912900662251701
334.181 0.9132847682119658
335.181 0.9136622516556744
336.181 0.9139072847682571
337.181 0.9142317880795153
338.182 0.9145033112583232
339.182 0.9149072847682569
340.182 0.9153443708609718
341.183 0.9156622516556736
342.185 0.9159337748344815
343.185 0.9162450331126272
344.204 0.9166556291391174
345.204 0.9169470198675942
346.204 0.9172119205298458
347.205 0.9175496688742163
348.205 0.9178874172185869
349.205 0.9182251655629577
350.207 0.9185562913907724
351.207 0.9188543046358055
352.207 0.9192582781457395
353.207 0.9195099337748783
354.207 0.9197947019867986
355.207 0.9201324503311691
356.21 0.9203708609271953
357.211 0.9207152317881225
358.213 0.9209536423841491
359.213 0.9212781456954072
360.213 0.9216953642384536
361.213 0.9219867549669302
362.217 0.9223178807947447
363.218 0.9227019867550094
364.218 0.9230596026490488
365.218 0.9232582781457376
366.219 0.9235562913907706
367.219 0.9239602649007045
368.219 0.924205298013287
369.219 0.924456953642426
370.219 0.9247682119205715
