1 2127 0.8987870239774428
2 1391 0.9052192667145978
3 782 0.9004603580562647
4 468 0.9054700854700831
5 317 0.9141955835962138
6 237 0.9282700421940917
7 177 0.9247457627118645
8 112 0.9407142857142851
9 102 0.9545098039215684
10 68 0.9664705882352945
11 53 0.967547169811321
12 43 0.9748837209302328
13 39 0.9784615384615387
14 33 0.9903030303030305
15 29 0.9875862068965519
16 14 0.9942857142857143
17 15 0.9893333333333333
18 5 0.992
19 1 1.0
20 5 1.0
21 10 0.992
22 4 0.99
23 2 1.0
26 2 1.0
27 1 1.0
30 1 1.0
31 1 0.96
39 1 1.0
