0 0.020390728476821836
1 0.07490066225165717
2 0.12592715231788237
3 0.1820794701986766
4 0.2431523178807922
5 0.30711920529800946
6 0.367344370860924
7 0.42332450331125493
8 0.4758410596026478
9 0.5209271523178828
10 0.5601986754966944
11 0.5950198675496766
12 0.6256291390728568
13 0.6533178807947133
14 0.6764900662251783
15 0.6962980132450497
16 0.7150000000000193
17 0.7320198675496931
18 0.7471456953642663
19 0.7609139072847997
20 0.77311258278149
21 0.7839139072848039
22 0.7942317880795073
23 0.8038675496689138
24 0.8130132450331558
25 0.8214503311258727
26 0.8296225165563373
27 0.8366821192053446
28 0.8436158940397823
29 0.8500662251656105
30 0.8560860927152804
31 0.8616556291391215
32 0.8671456953642879
33 0.8722715231788576
34 0.8770198675497183
35 0.8815165562914399
36 0.885947019867599
37 0.8899668874172674
38 0.8940000000000478
39 0.8977284768212396
40 0.9009668874172658
41 0.9042450331126302
42 0.9073178807947483
43 0.9103112582781911
44 0.9128675496689194
45 0.9154768211920975
46 0.917913907284812
47 0.9203245033113013
48 0.9228543046358039
49 0.9250397350993791
