1.0 0.0031192052980132117
2.0 0.007317880794701898
3.006 0.012172185430463693
4.01 0.01766887417218586
5.01 0.02337748344370838
6.024 0.028523178807946508
7.025 0.033708609271522756
8.027000000000001 0.039695364238410254
9.028 0.045761589403974845
10.029 0.052258278145696696
11.039 0.05921192052980267
12.04 0.06671523178808077
13.044 0.07388079470198801
14.044 0.0817152317880807
15.047 0.08892052980132385
16.047 0.09684105960264862
17.051 0.10431788079470192
18.051 0.1119735099337752
19.051 0.11985430463576219
20.054 0.12863576158940476
21.054 0.13820529801324608
22.054 0.14749006622516694
23.055 0.15752980132450492
24.058 0.1678874172185448
25.06 0.1801192052980145
26.064 0.21182781456953662
27.067 0.24335761589403662
28.072 0.27397350993376773
29.072 0.30468874172184174
30.074 0.3380264900662126
31.074 0.3701192052980003
32.075 0.40513907284766765
33.075 0.43876821192051274
34.077 0.4674635761589267
35.077 0.495033112582772
36.079 0.5251589403973458
37.079 0.5528741721854286
38.079 0.5785761589403994
39.082 0.6051324503311316
40.083 0.6314701986755061
41.098 0.6455562913907384
42.098 0.6586291390728587
43.098 0.6695099337748459
44.099 0.6810331125827936
45.1 0.6937682119205442
46.1 0.705649006622532
47.101 0.7162516556291548
48.103 0.7267549668874349
49.103 0.7379602649006819
50.103 0.7492251655629351
51.103 0.7589337748344629
52.104 0.7661523178808228
53.104 0.7692913907285054
54.104 0.7720463576159229
55.105 0.7749867549669165
56.105 0.7781390728477118
57.105 0.7813377483444026
58.108 0.784476821192086
59.108 0.7881258278146035
60.108 0.7919735099338101
61.108 0.7965033112583142
62.111 0.8006026490066603
63.111 0.8030662251656008
64.113 0.8041059602649385
65.113 0.804887417218581
66.113 0.805821192053018
67.113 0.8067417218543427
68.113 0.8081324503311645
69.114 0.8092913907285159
70.114 0.8107350993377881
71.132 0.8124437086093118
72.133 0.8140198675497097
73.133 0.8161258278146104
74.133 0.8174238410596432
75.134 0.8179801324503715
76.134 0.8184701986755373
77.134 0.8190066225165972
78.134 0.8194768211920939
79.141 0.820158940397392
80.141 0.8207019867550082
81.141 0.8214503311258694
82.142 0.8220794701987176
83.143 0.8228807947020289
84.143 0.8238609271523608
85.144 0.8246754966887853
86.144 0.8251258278146135
87.144 0.825317880794746
88.147 0.8256423841060042
89.148 0.8258940397351434
90.148 0.8262384105960707
91.148 0.8265894039735543
92.148 0.8269668874172633
93.149 0.8272317880795151
94.15 0.8276887417218993
95.151 0.8284437086093167
96.152 0.8290927152318331
97.153 0.8294768211920983
98.154 0.8296423841060058
99.156 0.8297947019868003
100.156 0.8300397350993831
101.156 0.8302317880795157
102.156 0.8305099337748804
103.156 0.8308278145695823
104.156 0.8310596026490523
105.156 0.8314900662252113
106.156 0.8320132450331583
107.158 0.8324834437086553
108.16 0.8328344370861392
109.16 0.83299337748349
110.161 0.8331390728477285
111.161 0.8332582781457417
112.161 0.8334437086093179
113.161 0.8336821192053443
114.161 0.8339735099338214
115.161 0.834192052980179
116.161 0.8344437086093179
117.162 0.8348410596026957
118.162 0.8351324503311727
119.163 0.8353907284768682
120.166 0.835609271523226
121.166 0.835768211920577
122.166 0.835880794702034
123.167 0.8360596026490539
124.168 0.8362582781457428
125.17 0.8364569536424317
126.171 0.8365894039735575
127.171 0.8367748344371339
128.172 0.8370000000000477
129.173 0.8372516556291868
130.174 0.8374900662252135
131.178 0.8378211920530283
132.18 0.8380596026490549
133.182 0.8381920529801807
134.185 0.8383642384106444
135.186 0.8385960264901147
136.186 0.8387483443709095
137.187 0.8389668874172674
138.187 0.8391986754967378
139.187 0.8396622516556783
140.189 0.839907284768261
141.19 0.840185430463625
142.19 0.8404701986755453
143.19 0.8406953642384591
144.191 0.8409006622517042
145.192 0.8410662251656116
146.192 0.8411986754967374
147.192 0.84139072847687
148.193 0.8415695364238899
149.193 0.8419139072848173
150.193 0.8422450331126321
151.193 0.8426490066225663
152.193 0.8430331125828312
153.193 0.8432450331126325
154.193 0.8434039735099834
155.194 0.8435629139073344
156.196 0.8437218543046855
157.196 0.8438344370861425
158.198 0.8440198675497186
159.198 0.84423178807952
160.198 0.8445099337748846
161.198 0.8447284768212423
162.198 0.8450264900662755
163.201 0.8453112582781961
164.204 0.8455099337748846
165.204 0.8457350993377984
166.204 0.8459602649007124
167.206 0.8462384105960766
168.207 0.8463774834437588
169.208 0.8465033112583283
170.224 0.8467284768212422
171.224 0.8468940397351495
172.225 0.8471390728477322
173.225 0.8474304635762089
174.227 0.8476556291391232
175.227 0.8478940397351498
176.227 0.8481523178808453
177.227 0.8483112582781963
178.234 0.8485231788079978
179.234 0.8487019867550176
180.234 0.8488211920530311
181.234 0.8489933774834946
182.234 0.8492649006623026
183.234 0.8494503311258786
184.237 0.8497218543046863
185.237 0.8500066225166067
186.237 0.8503642384106466
187.237 0.8506158940397855
188.239 0.8507748344371368
189.239 0.8509271523179315
190.241 0.8510728476821698
191.242 0.8512384105960773
192.242 0.8514569536424349
193.243 0.8516291390728986
194.243 0.8518609271523687
195.243 0.8521986754967398
196.243 0.852456953642435
197.243 0.8527549668874683
198.243 0.8529337748344881
199.243 0.8531655629139581
200.245 0.8533112582781964
201.245 0.8534900662252166
202.246 0.8536490066225676
203.247 0.8538278145695876
204.247 0.8539668874172698
205.247 0.8542052980132961
206.247 0.8543443708609784
207.248 0.854543046357667
208.248 0.8548278145695875
209.249 0.8549801324503822
210.251 0.8551390728477332
211.252 0.8552649006623028
212.253 0.8553774834437596
213.254 0.8555298013245545
214.255 0.8557417218543557
215.255 0.8558874172185943
216.257 0.8559867549669385
217.258 0.8561390728477333
218.258 0.8562913907285282
219.261 0.8565496688742235
220.261 0.8568079470199186
221.263 0.8569403973510445
222.264 0.8570529801325016
223.265 0.8572384105960777
224.265 0.8573907284768725
225.265 0.8575231788079984
226.265 0.8577682119205812
227.266 0.858033112582833
228.266 0.8582450331126343
229.266 0.8584701986755483
230.266 0.858854304635813
231.266 0.8593708609272037
232.267 0.8595960264901177
233.267 0.8597284768212435
234.267 0.859867549668926
235.267 0.8600132450331645
236.27 0.8602582781457472
237.271 0.8603973509934292
238.271 0.860576158940449
239.274 0.8608609271523698
240.274 0.861185430463628
241.274 0.8614768211921046
242.275 0.8617748344371375
243.275 0.8619735099338265
244.275 0.8621324503311776
245.275 0.862278145695416
246.281 0.862417218543098
247.281 0.8626821192053498
248.283 0.8628410596027007
249.283 0.8630662251656144
250.284 0.8633841059603167
251.284 0.8636688741722375
252.285 0.8638609271523701
253.287 0.8640000000000521
254.287 0.8641125827815092
255.287 0.8642516556291913
256.28700000000003 0.8643311258278669
257.288 0.8645033112583305
258.288 0.8647019867550193
259.289 0.864920529801377
260.289 0.8652185430464102
261.29 0.8654238410596552
262.29 0.8656092715232313
263.29 0.8657549668874696
264.29 0.8658807947020392
265.29 0.8659867549669399
266.294 0.8661125827815095
267.294 0.8661788079470724
268.294 0.866377483443761
269.295 0.8665562913907808
270.297 0.8666754966887942
271.298 0.866854304635814
272.299 0.8670264900662777
273.299 0.867125827814622
274.3 0.8672715231788606
275.3 0.8674437086093242
276.301 0.867529801324556
277.304 0.8676821192053508
278.308 0.8679006622517085
279.308 0.868006622516609
280.308 0.8681324503311786
281.308 0.8682847682119734
282.308 0.8684768211921059
283.309 0.868642384106013
284.309 0.8687682119205826
285.309 0.8689403973510462
286.31 0.8690463576159467
287.313 0.8692384105960793
288.316 0.86934437086098
289.316 0.8694834437086622
290.317 0.8696158940397879
291.317 0.8697682119205826
292.318 0.869960264900715
293.319 0.8702119205298539
294.319 0.8704172185430988
295.32 0.8705430463576683
296.32 0.8707814569536949
297.321 0.8709139072848208
298.321 0.8710463576159464
299.322 0.8712251655629663
300.323 0.8713642384106483
301.323 0.8714834437086618
302.323 0.8716490066225692
303.323 0.8718410596027019
304.324 0.872072847682172
305.325 0.8722847682119733
306.327 0.872417218543099
307.328 0.8725033112583308
308.328 0.8726225165563442
309.33 0.8727284768212447
310.33 0.872867549668927
311.332 0.8729801324503839
312.332 0.8731324503311784
313.332 0.8732913907285295
314.332 0.8735761589404503
315.332 0.8736953642384634
316.332 0.8739271523179336
317.332 0.8739933774834966
318.333 0.8741125827815098
319.333 0.8742317880795232
320.333 0.8743509933775364
321.333 0.8744569536424371
322.334 0.8746092715232318
323.334 0.8747615894040264
324.334 0.8749006622517086
325.335 0.8750264900662783
326.336 0.875178807947073
327.338 0.8753708609272056
328.339 0.8755033112583315
329.339 0.8756092715232322
330.341 0.8757019867550203
331.342 0.8758543046358148
332.344 0.8760066225166099
333.345 0.8761456953642922
334.345 0.8762384105960802
335.345 0.8763377483444246
336.346 0.8765033112583317
337.346 0.8766622516556826
338.347 0.8767218543046892
339.348 0.8767814569536957
340.348 0.876854304635815
341.349 0.876993377483497
342.349 0.8771125827815103
343.349 0.8772516556291923
344.357 0.8774437086093247
345.357 0.8775364238411129
346.358 0.8775960264901196
347.358 0.8777284768212453
348.358 0.8777947019868081
349.359 0.8778476821192586
350.36 0.8779205298013777
351.362 0.8779668874172717
352.363 0.8780728476821725
353.364 0.878198675496742
354.366 0.8783245033113116
355.366 0.8784105960265433
356.368 0.8785562913907815
357.369 0.8787019867550199
358.372 0.8788278145695892
359.372 0.8788741721854832
360.372 0.8789271523179337
361.378 0.8790132450331656
362.38 0.8790794701987285
363.381 0.8791721854305166
364.382 0.8792847682119734
365.383 0.8793377483444238
366.384 0.879430463576212
367.384 0.8795960264901191
368.384 0.8796556291391256
369.385 0.8797152317881323
370.386 0.879794701986808
371.389 0.8798543046358146
372.39 0.8799602649007151
373.39 0.8800397350993905
374.39 0.8801655629139603
375.39 0.8802847682119737
376.39 0.8804172185430995
377.391 0.8806158940397885
378.392 0.8807350993378016
379.392 0.8808940397351525
380.395 0.8809933774834967
381.397 0.8810331125828343
382.397 0.8811258278146226
383.397 0.8811920529801854
384.4 0.8813245033113114
385.4 0.881476821192106
386.4 0.8815894039735628
387.4 0.8817284768212451
388.4 0.8819668874172716
389.4 0.8820794701987286
390.401 0.8821920529801854
391.402 0.8822980132450859
392.404 0.882390728476874
393.404 0.8824370860927683
394.405 0.882496688741775
395.406 0.8826225165563445
396.407 0.8827615894040265
397.407 0.882860927152371
398.408 0.8829536423841591
399.409 0.8830662251656161
400.411 0.8832450331126359
401.414 0.8833311258278677
402.416 0.8833774834437618
403.419 0.8834304635762122
404.419 0.88347019867555
405.42 0.883582781457007
406.422 0.8837086092715764
407.425 0.8838410596027021
408.428 0.8839072847682651
409.43 0.8839867549669407
410.431 0.8841192052980664
411.431 0.8842317880795232
412.431 0.8843178807947552
413.432 0.884410596026543
414.432 0.8844304635762121
415.434 0.8844834437086624
416.434 0.8846754966887951
417.434 0.8847880794702523
418.435 0.8848807947020404
419.438 0.884940397351047
420.438 0.8850463576159475
421.44 0.885125827814623
422.44 0.8852649006623055
423.442 0.8853642384106498
424.443 0.8854172185431001
425.444 0.885503311258332
426.446 0.8856622516556831
427.447 0.8857549668874711
428.448 0.885841059602703
429.45 0.8858940397351532
430.451 0.8859668874172726
431.452 0.8860662251656168
432.455 0.886139072847736
433.455 0.8862582781457494
434.456 0.8863443708609812
435.456 0.8864238410596565
436.457 0.8865033112583323
437.458 0.8866688741722394
438.458 0.8867748344371401
439.458 0.8868278145695904
440.458 0.8869205298013787
441.458 0.887066225165617
442.458 0.8872516556291932
443.461 0.8873907284768753
444.461 0.887496688741776
445.462 0.8875894039735641
446.462 0.8876887417219083
447.466 0.8878675496689282
448.466 0.888019867549723
449.466 0.8881324503311802
450.467 0.8882913907285311
451.473 0.888450331125882
452.474 0.8885496688742263
453.474 0.8886887417219083
454.476 0.8887947019868089
455.476 0.8888940397351532
456.483 0.8890596026490606
457.484 0.8891258278146236
458.484 0.8892847682119747
459.485 0.889430463576213
460.486 0.8895298013245573
461.486 0.8895960264901203
462.487 0.8896688741722394
463.489 0.8897682119205836
464.489 0.8898741721854844
465.49 0.8899602649007161
466.491 0.8900662251656166
467.492 0.890139072847736
468.494 0.890231788079524
469.494 0.8903509933775371
470.496 0.8904437086093252
471.496 0.8904966887417756
472.498 0.8906291390729014
473.498 0.8908079470199213
474.498 0.8909337748344907
475.5 0.8910397350993913
476.501 0.8910860927152854
477.502 0.891165562913961
478.502 0.891258278145749
479.502 0.8913576158940932
480.502 0.8914834437086628
481.502 0.891576158940451
482.502 0.8916357615894575
483.502 0.8917549668874707
484.502 0.8919006622517089
485.504 0.8920463576159472
486.504 0.8921192052980665
487.505 0.8922119205298547
488.506 0.8922913907285303
489.507 0.8923576158940932
490.507 0.8924900662252191
491.507 0.8925496688742258
492.508 0.8926357615894575
493.508 0.8927549668874707
494.509 0.8929271523179342
495.511 0.8930662251656162
496.513 0.8931589403974044
497.513 0.8932119205298548
498.513 0.8932913907285303
499.514 0.8933509933775369
500.517 0.8934503311258812
501.517 0.8935695364238945
502.518 0.8936556291391263
503.518 0.8937350993378018
504.518 0.8939271523179342
505.519 0.8940993377483977
506.52 0.8942185430464109
507.523 0.8942781456954175
508.523 0.8943377483444241
509.523 0.8944105960265435
510.524 0.8944966887417753
511.528 0.8946490066225701
512.528 0.8947218543046893
513.528 0.8947947019868084
514.529 0.8948807947020403
515.529 0.8949801324503847
516.53 0.8951258278146229
517.53 0.895218543046411
518.53 0.8952715231788614
519.531 0.8953245033113116
520.531 0.8954304635762121
521.531 0.8955099337748876
522.531 0.8956423841060136
523.531 0.8957019867550202
524.534 0.8957947019868083
525.534 0.8959139072848215
526.534 0.8960264900662787
527.534 0.8961258278146229
528.534 0.8962119205298548
529.536 0.896311258278199
530.537 0.8963841059603181
531.538 0.8965033112583315
532.539 0.8965894039735631
533.539 0.8966622516556825
534.541 0.896768211920583
535.541 0.8969403973510466
536.542 0.8970331125828346
537.543 0.8972119205298544
538.543 0.8973245033113113
539.543 0.8973708609272054
540.546 0.8974569536424372
541.56 0.8975165562914438
542.56 0.8976225165563444
543.56 0.8977086092715761
544.56 0.8978145695364768
545.56 0.8979006622517084
546.562 0.8980132450331653
547.562 0.8981125827815095
548.563 0.8982251655629664
