1.0 7.086092715231793E-4
2.7809999999999997 0.004834437086092652
3.781 0.008655629139072704
4.781000000000001 0.01220529801324504
5.782 0.016841059602649554
6.784 0.02177483443708684
7.784 0.02749006622516511
8.783999999999999 0.033947019867549416
9.784 0.03992715231788068
10.784 0.047046357615895124
11.785 0.054158940397352064
12.802 0.05991390728476977
13.803 0.06585430463576349
14.804 0.07220529801324757
15.804 0.07816556291390973
16.804000000000002 0.08303973509934004
17.805 0.08860264900662417
18.807 0.09460264900662411
19.807 0.10106622516556467
20.807 0.10810596026490242
21.809 0.11546357615894176
22.809 0.12323178807947131
23.809 0.13044370860927257
24.809 0.13752317880794845
25.81 0.14470198675496893
26.81 0.15401324503311495
27.811 0.16252980132450584
28.812 0.1708807947019889
29.812 0.17972185430463666
30.813 0.1875894039735097
31.813 0.1961125827814557
32.814 0.20467549668874108
33.814 0.2128940397350988
34.814 0.22155629139072697
35.816 0.23068874172185222
36.817 0.24050331125827426
37.817 0.24896026490065742
38.817 0.25801986754966455
39.818 0.2662450331125784
40.818 0.27448344370860506
41.818 0.28413245033112133
42.819 0.2936291390728424
43.819 0.3027417218542982
44.819 0.31148344370860287
45.82 0.31946357615893467
46.82 0.32676158940396793
47.82 0.33391390728476367
48.82 0.3413576158940354
49.82 0.34956953642383604
50.82 0.35756953642383477
51.82 0.3657483443708539
52.82 0.37300662251654976
53.82 0.37940397350992716
54.82 0.3861390728476757
55.82 0.39262251655628577
56.82 0.39950993377482963
57.82 0.40580794701986206
58.82 0.41245695364237844
59.821 0.41890728476820593
60.821 0.42513907284767644
61.821 0.43010596026489556
62.822 0.43615894039734665
63.822 0.4412980132450296
64.822 0.44645695364238136
65.822 0.45215231788079185
66.822 0.45735761589403645
67.822 0.4625298013245001
68.822 0.4682251655629109
69.822 0.47310596026489754
70.823 0.4779205298013213
71.827 0.4831456953642362
72.827 0.4877284768211907
73.835 0.49287417218542995
74.835 0.4977284768211917
75.836 0.5016821192052981
76.84 0.5061125827814569
77.84 0.510629139072848
78.84 0.5146953642384113
79.84 0.5196026490066245
80.841 0.5240662251655654
81.842 0.5282119205298047
82.842 0.5324635761589442
83.844 0.5367814569536459
84.844 0.5404370860927188
85.844 0.5446092715231827
86.845 0.5481655629139116
87.845 0.551854304635766
88.845 0.5555430463576201
89.847 0.5597748344370904
90.849 0.5634238410596067
91.849 0.5672649006622563
92.849 0.570754966887422
93.849 0.5737814569536477
94.85 0.5776490066225219
95.85 0.5814039735099389
96.851 0.5847748344370913
97.853 0.5885496688741773
98.853 0.5924503311258337
99.853 0.595622516556297
100.853 0.5988344370860986
101.855 0.6017880794702046
102.857 0.6049470198675558
103.858 0.6082384105960325
104.858 0.6113046357615964
105.859 0.6145695364238484
106.859 0.6179205298013322
107.859 0.6211788079470278
108.875 0.6242980132450419
109.875 0.6270927152317967
110.876 0.6297682119205383
111.876 0.6325695364238497
112.876 0.6355364238410679
113.877 0.638245033112591
114.879 0.6414834437086179
115.879 0.644350993377492
116.88 0.6472913907284858
117.88 0.6501324503311349
118.881 0.6527019867549758
119.882 0.6551258278145783
120.883 0.657887417218552
121.884 0.6604304635761681
122.884 0.6626291390728574
123.884 0.6645761589404068
124.884 0.667344370860936
125.886 0.6697880794702074
126.886 0.6721324503311346
127.886 0.6743708609271616
128.886 0.6764834437086181
129.886 0.6789735099337839
130.887 0.6813178807947111
131.887 0.6832185430463669
132.887 0.6856490066225266
133.887 0.688205298013256
134.887 0.6903708609271643
135.888 0.6922649006622633
136.889 0.6939867549668992
137.889 0.695721854304648
138.889 0.6978344370861053
139.89 0.6997417218543169
140.89 0.7018278145695496
141.89 0.704033112582795
142.891 0.706000000000014
143.891 0.7079205298013399
144.891 0.7100662251655786
145.892 0.711523178807963
146.893 0.7133841059602815
147.894 0.7154569536424012
148.894 0.7171721854304811
149.894 0.719046357615912
150.894 0.7209735099337933
151.897 0.7226556291390923
152.897 0.724403973509954
153.897 0.726198675496709
154.897 0.7276158940397559
155.898 0.7293245033112796
156.898 0.730768211920552
157.898 0.7322185430463802
158.898 0.7336423841059837
159.898 0.7354503311258527
160.898 0.737185430463602
161.899 0.7387814569536684
162.902 0.740059602649033
163.902 0.741251655629166
164.902 0.7427152317881066
165.903 0.7440927152318157
166.903 0.7454768211920815
167.903 0.7471523178808238
168.904 0.748761589404003
169.904 0.7502185430463874
170.904 0.7515894039735399
171.905 0.7526953642384409
172.906 0.7537947019867859
173.907 0.7556158940397667
174.907 0.7569933774834762
175.907 0.7582384105960592
176.907 0.7596490066225495
177.907 0.7612384105960607
178.908 0.7624966887417566
179.91 0.7636887417218896
180.91 0.764708609271559
181.91 0.7658807947020231
182.911 0.7672913907285136
183.911 0.7683708609271896
184.912 0.7696821192053354
185.913 0.7712516556291774
186.913 0.7723443708609657
187.914 0.7736754966887804
188.916 0.7746556291391117
189.916 0.7755894039735488
190.918 0.77721192052984
191.918 0.7782185430463959
192.919 0.779357615894079
193.919 0.7804768211920923
194.919 0.7818807947020264
195.92 0.7828013245033507
196.922 0.7837748344371257
197.922 0.7848874172185831
198.925 0.7858211920530205
199.925 0.7870927152318292
200.925 0.7881258278146116
201.925 0.7891920529801748
202.927 0.7903245033113007
203.927 0.7914304635762011
204.929 0.7925364238411019
205.929 0.7936622516556715
206.929 0.7944966887417645
207.93 0.7955827814569965
208.93 0.7964105960265331
209.93 0.79729139072852
210.933 0.7983841059603081
211.933 0.7995894039735534
212.935 0.8006092715232223
213.935 0.8016490066225602
214.935 0.8023509933775272
215.935 0.8030198675497128
216.937 0.8041456953642823
217.939 0.8050728476821637
218.941 0.8059735099338206
219.942 0.8070132450331589
220.942 0.8080993377483905
221.944 0.8090860927152779
222.944 0.8099006622517019
223.945 0.810562913907331
224.946 0.8113377483444175
225.947 0.812331125827861
226.947 0.8131324503311723
227.948 0.8139602649007092
228.948 0.8148675496689214
229.948 0.815622516556338
230.948 0.8164503311258746
231.949 0.8173112582781927
232.951 0.818039735099385
233.952 0.8188675496689213
234.952 0.8197152317881268
235.952 0.8204834437086569
236.952 0.8214304635762069
237.952 0.822596026490114
238.954 0.8233973509934247
239.957 0.8241192052980604
240.958 0.8248940397351465
241.958 0.8256158940397823
242.959 0.826456953642431
243.959 0.8272450331126303
244.959 0.8279337748344846
245.959 0.828715231788127
246.959 0.8294900662252133
247.976 0.8302384105960742
248.976 0.8311192052980609
249.976 0.8318079470199155
250.978 0.8324768211921011
251.978 0.8332582781457438
252.98 0.8340132450331614
253.981 0.8346887417219033
254.983 0.8354569536424333
255.986 0.8363443708609763
256.98699999999997 0.8371059602649499
257.99 0.8377350993377976
258.99 0.8384768211921027
259.99 0.8391125827815068
260.99 0.8398410596026995
261.991 0.8403509933775343
262.992 0.8410198675497197
263.992 0.8418211920530306
264.992 0.8425562913907785
265.992 0.8432119205298513
266.993 0.8437549668874672
267.993 0.8443311258278646
268.993 0.8450198675497191
269.994 0.8456490066225669
270.994 0.846211920529852
271.994 0.8468543046358123
272.994 0.8474701986755471
273.994 0.8481125827815071
274.995 0.8487019867550172
275.998 0.8492649006623019
276.998 0.8497549668874678
278.009 0.8505364238411103
279.01 0.8511986754967394
280.01 0.8517284768212428
281.012 0.8522781456954147
282.012 0.8528013245033615
283.012 0.8534172185430964
284.013 0.8540066225166064
285.013 0.8546225165563418
286.014 0.8551125827815074
287.015 0.8558675496689249
288.017 0.8563443708609777
289.017 0.8570331125828323
290.018 0.8575231788079977
291.019 0.8581192052980634
292.02 0.8586688741722357
293.022 0.8591523178808451
294.022 0.8597019867550172
295.022 0.8604039735099844
296.023 0.8609735099338257
297.023 0.8614304635762101
298.024 0.8619536423841573
299.024 0.8625430463576669
300.025 0.8631854304636271
301.027 0.8637019867550179
302.027 0.8641854304636271
303.027 0.8645099337748854
304.027 0.8650860927152827
305.027 0.8656291390728988
306.028 0.8661854304636275
307.03 0.8667152317881311
308.031 0.8673245033113097
309.031 0.8679139072848195
310.032 0.8683443708609787
311.032 0.8687350993378001
312.032 0.8690993377483963
313.032 0.8697152317881317
314.032 0.8701059602649528
315.032 0.8705629139073369
316.033 0.8711655629139591
317.033 0.8716821192053493
318.033 0.872192052980184
319.034 0.8726357615894557
320.035 0.8729867549669391
321.035 0.8736622516556811
322.035 0.8741324503311779
323.035 0.8744437086093235
324.035 0.8749072847682635
325.035 0.8753377483444224
326.036 0.8757483443709122
327.036 0.8761854304636275
328.037 0.8766556291391242
329.037 0.8769470198676012
330.038 0.8775033112583299
331.038 0.8779205298013764
332.038 0.8782384105960783
333.038 0.8786754966887933
334.039 0.8792251655629651
335.039 0.8796887417219056
336.039 0.8801258278146209
337.039 0.8804635761589916
338.039 0.8809867549669386
339.039 0.8814238410596538
340.042 0.8817350993377995
341.042 0.8820662251656137
342.043 0.8825099337748848
343.043 0.8828874172185932
344.043 0.8833443708609774
345.043 0.8836291390728978
346.044 0.8839139072848187
347.044 0.8844370860927658
348.044 0.8849403973510441
349.045 0.8852715231788589
350.046 0.88566225165568
351.046 0.8862185430464079
352.047 0.8866357615894539
353.047 0.8870000000000501
354.047 0.8874370860927654
355.048 0.8878211920530307
356.049 0.8882847682119709
357.049 0.8887615894040238
358.049 0.8890662251656131
359.05 0.8895761589404472
360.05 0.8901390728477316
361.05 0.8905165562914403
362.051 0.8909205298013742
363.053 0.8913178807947516
364.054 0.8917350993377978
365.055 0.8921854304636255
366.055 0.8925629139073343
367.055 0.8930728476821683
368.055 0.8935033112583268
369.055 0.8939072847682606
370.055 0.8942516556291878
371.056 0.8946556291391217
372.057 0.8951986754967379
373.058 0.8955695364238903
374.059 0.8958807947020356
375.059 0.896278145695413
376.06 0.8965629139073333
377.06 0.8969403973510421
378.06 0.8973245033113071
379.06 0.8977549668874658
380.063 0.8982251655629628
381.063 0.8985430463576648
382.064 0.8989536423841546
383.064 0.8992384105960749
384.064 0.8995761589404456
385.065 0.8999735099338232
386.065 0.9002317880795186
387.065 0.9006291390728963
388.067 0.9010331125828304
389.067 0.9012781456954128
390.068 0.9016423841060086
391.068 0.9021324503311741
392.068 0.9024238410596508
393.069 0.9027284768212401
394.07 0.9029403973510416
395.07 0.9033443708609753
396.07 0.9036158940397833
397.072 0.903927152317929
398.073 0.9042649006622996
399.073 0.9046622516556767
400.087 0.9050198675497164
401.087 0.9054569536424315
402.088 0.9058211920530277
403.089 0.9062384105960741
404.09 0.9064966887417693
405.09 0.9067947019868022
406.09 0.907178807947067
407.091 0.9075298013245501
408.092 0.9078476821192523
409.094 0.9081192052980601
410.094 0.9084503311258746
411.094 0.9087880794702455
412.095 0.9090331125828282
413.096 0.909304635761636
414.096 0.9096423841060066
