0 0.01140397350993368
1 0.054158940397352064
2 0.09408609271523338
3 0.14661589403973727
4 0.20832450331125815
5 0.27474834437085677
6 0.33899999999999586
7 0.3977947019867499
8 0.4467350993377456
9 0.49105298013244975
10 0.5298211920529838
11 0.5639735099337793
12 0.5952052980132507
13 0.6231920529801411
14 0.64815894039736
15 0.6698079470198762
16 0.689847682119217
17 0.706933774834452
18 0.7229801324503509
19 0.7370198675496947
20 0.7496754966887714
21 0.7616953642384451
22 0.7722516556291775
23 0.7824834437086486
24 0.7917019867550088
25 0.8004834437086528
26 0.8086225165563373
27 0.8157086092715697
28 0.8233377483444182
29 0.8299536423841536
30 0.8365761589404465
31 0.8425562913907785
32 0.8480066225166064
33 0.8531125827815069
34 0.8581854304636263
35 0.863046357615945
36 0.8675827814570051
37 0.8717152317881309
38 0.875582781457005
39 0.879337748344422
40 0.8829006622517058
41 0.886569536423891
42 0.8901655629139568
43 0.8934701986755454
44 0.8964437086093201
45 0.8994105960265384
46 0.9021986754967369
47 0.9046622516556767
48 0.9074437086093183
49 0.9097615894040197
