0 0.003986754966887365
1 0.17724503311258427
2 0.6314701986755061
3 0.7645033112583061
4 0.8028278145695742
5 0.8174503311258683
6 0.8249602649007063
7 0.8294238410596478
8 0.8328741721854769
9 0.8355099337748814
10 0.8377218543046839
11 0.8404966887417704
12 0.8432913907285265
13 0.845635761589454
14 0.8481390728477327
15 0.8506556291391234
16 0.8530331125828323
17 0.8550794701987265
18 0.8569072847682631
19 0.8595695364238926
20 0.861827814569588
21 0.8639337748344892
22 0.8657549668874696
23 0.8672052980132977
24 0.8687682119205826
25 0.8705099337748868
26 0.8722980132450858
27 0.8738874172185959
28 0.8752185430464107
29 0.8766225165563448
30 0.8777483443709141
31 0.8788145695364767
32 0.8796821192053508
33 0.8808874172185961
34 0.882158940397404
35 0.8832715231788612
36 0.8842317880795232
37 0.885211920529855
38 0.886158940397405
39 0.887337748344425
40 0.8887086092715771
41 0.8898543046358155
42 0.8910198675497224
43 0.8920529801325034
44 0.8931456953642918
45 0.8942516556291923
46 0.8952119205298548
47 0.8961788079470732
48 0.8973311258278676
49 0.8983046357616419
