1 2127 0.6405829807240245
2 1391 0.7562041696621095
3 782 0.8219437340153428
4 468 0.863076923076922
5 317 0.8919873817034687
6 237 0.9137552742616025
7 177 0.9292655367231628
8 112 0.9378571428571428
9 102 0.9474509803921564
10 68 0.9564705882352944
11 53 0.9600000000000006
12 43 0.9646511627906981
13 39 0.9682051282051287
14 33 0.9745454545454548
15 29 0.9724137931034487
16 14 0.9742857142857143
17 15 0.9786666666666667
18 5 0.968
19 1 1.0
20 5 0.992
21 10 0.984
22 4 0.99
23 2 1.0
26 2 0.98
27 1 1.0
30 1 1.0
31 1 1.0
39 1 1.0
