1 2127 0.6095909732016926
2 1391 0.7410208483105635
3 782 0.8063427109974409
4 468 0.8510256410256404
5 317 0.8712933753943212
6 237 0.901772151898733
7 177 0.9209039548022587
8 112 0.9274999999999997
9 102 0.94
10 68 0.9558823529411768
11 53 0.9562264150943403
12 43 0.9581395348837215
13 39 0.9630769230769235
14 33 0.9769696969696973
15 29 0.9779310344827589
16 14 0.9800000000000002
17 15 0.9840000000000001
18 5 0.968
19 1 1.0
20 5 0.992
21 10 0.984
22 4 0.99
23 2 1.0
26 2 0.98
27 1 1.0
30 1 1.0
31 1 1.0
39 1 1.0
