1 2127 0.7562764456981671
2 1391 0.8211646297627576
3 782 0.8613810741687942
4 468 0.8885470085470077
5 317 0.909274447949525
6 237 0.9223628691983109
7 177 0.9362711864406769
8 112 0.9482142857142851
9 102 0.951764705882353
10 68 0.964117647058824
11 53 0.9637735849056609
12 43 0.9646511627906981
13 39 0.9651282051282055
14 33 0.981818181818182
15 29 0.9779310344827589
16 14 0.9800000000000002
17 15 0.9893333333333333
18 5 0.968
19 1 1.0
20 5 0.992
21 10 0.9879999999999999
22 4 0.99
23 2 1.0
26 2 0.98
27 1 1.0
30 1 1.0
31 1 1.0
39 1 1.0
