1 224
2 49
3 45
4 19
5 143
6 173
7 324
8 48
9 15
10 163
11 139
12 41
13 505
14 79
15 81
16 122
17 21
18 213
19 15
20 39
21 143
22 96
23 120
24 45
25 66
26 87
27 20
28 71
29 29
30 34
31 28
32 32
33 15
34 17
35 21
36 17
37 42
38 93
39 21
40 32
41 42
42 154
43 180
44 126
45 40
46 23
47 16
48 53
49 175
50 19
51 19
52 47
53 21
54 53
55 18
56 152
57 84
58 124
59 304
60 168
61 16
62 182
63 73
64 154
65 65
66 32
67 24
68 23
69 54
70 102
71 34
72 101
73 50
74 32
75 63
76 56
77 58
78 16
79 49
80 22
81 47
82 139
83 127
84 53
85 232
86 19
87 170
88 15
89 61
90 239
91 79
92 314
93 16
94 315
95 236
96 48
97 52
98 22
99 98
100 46
101 49
102 175
103 23
104 87
105 14
106 52
107 13
108 27
109 188
110 112
111 21
112 33
113 41
114 37
115 75
116 114
117 71
118 55
119 148
120 21
121 58
122 49
123 46
124 15
125 141
126 31
127 19
128 146
129 27
130 284
131 25
132 17
133 21
134 20
135 46
136 23
137 39
138 38
139 22
140 14
141 86
142 27
143 16
144 173
145 251
146 25
147 14
148 52
149 28
150 18
151 248
152 78
153 19
154 41
155 16
156 29
157 38
158 137
159 89
160 91
161 47
162 38
163 17
164 54
165 22
166 18
167 60
168 52
169 31
170 19
171 22
172 20
173 36
174 142
175 32
176 46
177 99
178 226
179 38
180 45
181 359
182 23
183 35
184 203
185 41
186 69
187 45
188 90
189 153
190 39
191 21
192 29
193 98
194 240
195 82
196 28
197 89
198 148
199 31
200 158
201 301
202 19
203 36
204 36
205 13
206 51
207 182
208 24
209 27
210 101
211 29
212 18
213 94
214 102
215 75
216 100
217 64
218 46
219 25
220 11
221 119
222 312
223 85
224 113
225 21
226 35
227 49
228 17
229 24
230 108
231 16
232 70
233 92
234 376
235 74
236 103
237 40
238 27
239 129
240 21
241 18
242 15
243 67
244 192
245 19
246 156
247 21
248 43
249 133
250 98
251 61
252 17
253 74
254 126
255 63
256 150
257 50
258 19
259 29
260 18
261 22
262 119
263 99
264 92
265 34
266 12
267 149
268 260
269 253
270 110
271 220
272 42
273 18
274 60
275 80
276 414
277 48
278 16
279 335
280 210
281 18
282 18
283 43
284 40
285 29
286 234
287 49
288 60
289 22
290 120
291 225
292 93
293 310
294 126
295 154
296 114
297 155
298 98
299 223
300 19
301 221
302 13
303 387
304 21
305 178
306 29
307 98
308 318
309 15
310 17
311 235
312 175
313 209
314 215
315 69
316 60
317 18
318 139
319 18
320 124
321 95
322 43
323 77
324 54
325 115
326 146
327 239
328 223
329 52
330 113
331 56
332 149
333 15
334 275
335 17
336 110
337 30
338 63
339 202
340 31
341 16
342 165
343 194
344 153
345 180
346 161
347 154
348 41
349 30
350 41
351 34
352 36
353 22
354 195
355 21
356 22
357 61
358 34
359 21
360 78
361 98
362 21
363 250
364 18
365 45
366 26
367 46
368 34
369 20
370 63
371 41
372 55
373 180
374 227
375 16
376 24
377 27
378 288
379 153
380 136
381 103
382 44
383 54
384 16
385 231
386 17
387 239
388 42
389 215
390 24
391 102
392 91
393 360
394 126
395 46
396 45
397 79
398 132
399 258
400 16
401 126
402 56
403 36
404 35
405 594
406 273
407 175
408 21
409 166
410 21
411 44
412 40
413 40
414 18
415 23
416 384
417 279
418 13
419 29
420 29
421 51
422 77
423 49
424 32
425 172
426 81
427 25
428 42
429 342
430 57
431 17
432 53
433 32
434 36
435 318
436 118
437 203
438 23
439 25
440 41
441 17
442 114
443 22
444 19
445 108
446 30
447 117
448 28
449 57
450 438
451 78
452 163
453 123
454 198
455 152
456 174
457 224
458 141
459 97
460 56
461 18
462 26
463 116
464 47
465 61
466 82
467 34
468 110
469 35
470 45
471 25
472 212
473 23
474 262
475 18
476 66
477 32
478 87
479 156
480 51
481 45
482 23
483 41
484 115
485 21
486 146
487 188
488 118
489 93
490 45
491 30
492 47
493 113
494 38
495 178
496 101
497 217
498 113
499 73
500 177
501 59
502 27
503 132
504 202
505 96
506 190
507 45
508 74
509 28
510 27
511 16
512 18
513 18
514 153
515 31
516 16
517 26
518 59
519 38
520 17
521 118
522 23
523 89
524 238
525 46
526 51
527 112
528 46
529 34
530 39
531 24
532 217
533 204
534 57
535 173
536 126
537 396
538 61
539 50
540 52
541 113
542 107
543 166
544 26
545 132
546 47
547 16
548 121
549 19
550 32
551 266
552 66
553 79
554 91
555 44
556 39
557 40
558 18
559 60
560 79
561 286
562 57
563 25
564 27
565 30
566 116
567 118
568 64
569 56
570 17
571 13
572 14
573 45
574 41
575 23
576 30
577 156
578 18
579 67
580 40
581 21
582 48
583 21
584 21
585 64
586 136
587 78
588 174
589 35
590 37
591 67
592 293
593 138
594 19
595 73
596 16
597 31
598 22
599 34
600 70
601 115
602 25
603 37
604 19
605 69
606 186
607 30
608 125
609 20
610 60
611 38
612 21
613 24
614 34
615 79
616 34
617 89
618 166
619 72
620 83
621 133
622 183
623 34
624 110
625 80
626 26
627 140
628 25
629 99
630 82
631 18
632 96
633 46
634 107
635 26
636 15
637 80
638 48
639 124
640 88
641 31
642 244
643 166
644 35
645 87
646 32
647 49
648 242
649 19
650 250
651 17
652 18
653 223
654 118
655 542
656 20
657 19
658 59
659 154
660 182
661 93
662 18
663 118
664 128
665 110
666 194
667 38
668 34
669 75
670 34
671 99
672 27
673 26
674 36
675 22
676 60
677 42
678 23
679 53
680 33
681 15
682 328
683 56
684 64
685 17
686 57
687 11
688 17
689 30
690 93
691 24
692 34
693 125
694 117
695 30
696 24
697 76
698 99
699 117
700 14
701 27
702 26
703 41
704 75
705 93
706 25
707 189
708 90
709 116
710 71
711 183
712 131
713 24
714 37
715 133
716 216
717 69
718 34
719 52
720 25
721 135
722 29
723 19
724 65
725 22
727 266
728 22
729 13
730 26
731 67
732 15
733 85
734 50
735 42
736 16
737 30
738 117
739 29
740 14
741 85
742 22
743 30
744 24
745 53
746 52
747 236
748 83
749 245
750 25
751 128
752 61
753 47
754 30
755 30
756 83
757 133
758 280
759 26
760 32
761 52
762 18
763 106
764 85
765 20
766 147
767 31
768 57
769 23
770 50
771 58
772 28
773 125
774 184
775 22
776 81
777 28
778 58
779 24
780 43
781 35
782 179
783 23
784 32
785 22
786 92
787 42
788 204
789 28
790 182
791 18
792 35
793 51
794 32
795 123
796 284
797 20
798 192
799 20
800 23
801 20
802 63
803 30
804 265
805 218
806 105
807 165
808 15
809 17
810 21
811 19
812 18
813 20
814 31
815 147
816 18
817 30
818 14
819 26
820 20
821 48
823 148
824 17
825 117
826 93
827 21
828 89
829 52
830 94
831 62
832 21
833 211
834 49
835 85
836 42
837 38
838 82
839 45
840 146
841 23
842 22
843 167
844 70
845 22
846 330
847 112
848 126
849 19
850 37
851 170
852 38
853 35
854 173
855 18
856 18
858 18
859 30
860 62
861 32
862 125
863 89
864 234
865 51
866 19
867 83
868 169
869 37
870 219
871 90
872 62
873 17
874 23
875 77
876 17
877 62
878 108
879 24
880 297
881 211
882 103
883 215
884 38
885 83
886 196
887 129
888 15
889 257
890 96
891 40
892 185
893 47
894 199
895 16
896 294
897 147
898 27
899 106
900 36
901 99
902 42
903 106
904 44
905 33
906 27
907 108
908 66
909 20
910 45
911 75
912 43
913 105
914 19
915 22
916 252
917 26
918 88
919 175
920 23
921 82
922 97
923 67
924 64
925 24
926 17
927 101
928 26
929 42
930 51
931 50
932 187
933 139
934 148
935 29
936 101
937 33
938 86
939 44
940 80
941 18
942 63
943 135
