0 288 94 446 92 0.7978260869565217 0.021786568137361812
1 306 76 462 76 0.8347826086956521 0.1036818083025446
2 317 65 487 51 0.8739130434782608 0.2959182786350795
3 321 61 487 51 0.8782608695652174 0.5080373831775707
4 325 57 495 43 0.8913043478260869 0.6219517496196535
5 328 54 500 38 0.9 0.7125755270593452
6 331 51 495 43 0.8978260869565218 0.7783003694849105
7 332 50 492 46 0.8956521739130435 0.8240991088893901
8 331 51 493 45 0.8956521739130435 0.8585090197783275
9 331 51 491 47 0.8934782608695652 0.8832427733101677
10 330 52 491 47 0.8923913043478261 0.9029776135622851
11 330 52 492 46 0.8934782608695652 0.9186524668550484
12 332 50 493 45 0.8967391304347826 0.9309367528798269
13 332 50 496 42 0.9 0.9404825038035382
14 332 50 497 41 0.9010869565217391 0.9487937404912147
15 332 50 497 41 0.9010869565217391 0.9551575744403559
16 332 50 497 41 0.9010869565217391 0.9597739621821505
17 332 50 497 41 0.9010869565217391 0.9637557052814759
18 332 50 497 41 0.9010869565217391 0.9674331667029052
19 332 50 497 41 0.9010869565217391 0.9704412084329632
20 332 50 497 41 0.9010869565217391 0.9730145620517413
21 332 50 497 41 0.9010869565217391 0.9749445772658251
22 332 50 497 41 0.9010869565217391 0.9772223429689318
23 333 49 497 41 0.9021739130434783 0.9789350141273753
24 333 49 497 41 0.9021739130434783 0.9805346663768854
25 333 49 497 41 0.9021739130434783 0.9819778309063352
26 333 49 497 41 0.9021739130434783 0.9832297326668215
27 333 49 497 41 0.9021739130434783 0.9842295153227655
28 333 49 497 41 0.9021739130434783 0.985194522929807
29 334 48 497 41 0.9032608695652173 0.9858987176700807
30 335 47 497 41 0.9043478260869565 0.9866637687459334
31 335 47 497 41 0.9043478260869565 0.9874896761573653
32 335 47 497 41 0.9043478260869565 0.9882112584220901
33 335 47 497 41 0.9043478260869565 0.9888806781134614
34 335 47 497 41 0.9043478260869565 0.9893936100847714
35 335 47 497 41 0.9043478260869565 0.9898456857205026
36 335 47 497 41 0.9043478260869565 0.9904716366007457
37 335 47 497 41 0.9043478260869565 0.9910280373831838
38 335 47 497 41 0.9043478260869565 0.9914366442077868
39 335 47 497 41 0.9043478260869565 0.9919669637035484
40 335 47 496 42 0.9032608695652173 0.992340795479249
41 335 47 496 42 0.9032608695652173 0.992732014779401
42 335 47 496 42 0.9032608695652173 0.9931840904151321
43 335 47 496 42 0.9032608695652173 0.993488372093028
44 335 47 496 42 0.9032608695652173 0.9937839600086982
45 335 47 496 42 0.9032608695652173 0.9940534666376919
46 335 47 496 42 0.9032608695652173 0.9942534231688805
47 336 46 497 41 0.9054347826086957 0.9944707672245207
48 336 46 497 41 0.9054347826086957 0.9946968050423861
49 336 46 497 41 0.9054347826086957 0.9948619865246724
