0 255 127 413 125 0.7260869565217392 0.005868289502282029
1 294 88 478 60 0.8391304347826087 0.1469419691371459
2 328 54 487 51 0.8858695652173914 0.7949315366224893
3 330 52 490 48 0.8913043478260869 0.9453597044120993
4 331 51 495 43 0.8978260869565218 0.9636687676592189
5 331 51 497 41 0.9 0.9689545750923848
6 331 51 498 40 0.9010869565217391 0.9709541404042739
7 331 51 498 40 0.9010869565217391 0.9721625733536327
8 331 51 498 40 0.9010869565217391 0.9737883068898209
9 331 51 498 40 0.9010869565217391 0.9757183221039044
10 331 51 498 40 0.9010869565217391 0.9766311671375929
11 331 51 498 40 0.9010869565217391 0.9775440121712808
12 331 51 498 40 0.9010869565217391 0.9784568572049686
13 331 51 498 40 0.9010869565217391 0.9790480330363094
14 331 51 498 40 0.9010869565217391 0.9796913714410038
15 331 51 498 40 0.9010869565217391 0.9802999347967957
16 331 51 498 40 0.9010869565217391 0.9807346229080754
17 331 51 498 40 0.9010869565217391 0.9810041295370693
18 331 51 498 40 0.9010869565217391 0.9815866116061842
19 331 51 498 40 0.9010869565217391 0.9819865246685617
20 331 51 498 40 0.9010869565217391 0.982586394262128
21 331 51 498 40 0.9010869565217391 0.9829689198000542
22 331 51 498 40 0.9010869565217391 0.9833340578135292
23 331 51 498 40 0.9010869565217391 0.9838469897848395
24 331 51 497 41 0.9 0.9843599217561498
25 331 51 498 40 0.9010869565217391 0.9849250163008135
26 331 51 498 40 0.9010869565217391 0.9852814605520636
27 331 51 498 40 0.9010869565217391 0.985750923712246
28 331 51 498 40 0.9010869565217391 0.9862203868724284
29 331 51 498 40 0.9010869565217391 0.9864725059769707
30 331 51 498 40 0.9010869565217391 0.9866029124103546
31 331 51 498 40 0.9010869565217391 0.9867333188437387
32 331 51 498 40 0.9010869565217391 0.9868550315148971
33 331 51 498 40 0.9010869565217391 0.9869506628993788
34 331 51 498 40 0.9010869565217391 0.9870549880460859
35 331 51 498 40 0.9010869565217391 0.9872288632905979
36 331 51 498 40 0.9010869565217391 0.9873853510106587
37 331 51 498 40 0.9010869565217391 0.987750489024134
38 331 51 498 40 0.9010869565217391 0.9881417083242859
39 331 51 498 40 0.9010869565217391 0.9884025211910538
40 331 51 498 40 0.9010869565217391 0.9886111714844681
41 331 51 498 40 0.9010869565217391 0.9887676592045288
42 331 51 498 40 0.9010869565217391 0.9889241469245895
43 331 51 498 40 0.9010869565217391 0.9890371658335224
44 331 51 498 40 0.9010869565217391 0.9892718974136135
45 331 51 498 40 0.9010869565217391 0.9895674853292837
46 331 51 498 40 0.9010869565217391 0.9897761356226984
47 331 51 498 40 0.9010869565217391 0.9900021734405637
48 331 51 498 40 0.9010869565217391 0.990193436209527
49 331 51 498 40 0.9010869565217391 0.9902803738317829
