1 1.0689794945065143
2 1.0054420801039028
3 0.9867697557823906
4 0.9582072371273619
5 0.9446955920352158
6 0.9242868304967597
7 0.9265251395661968
8 0.9317800564703275
9 0.9241093698004195
10 0.9575169056519436
11 0.9105765508036356
12 0.9093676024397259
13 0.9306783281521399
14 0.878745029288931
15 0.8293331686007308
16 0.938639235776537
17 0.8722220575777411
18 0.9787128795245498
20 0.8219188500859974
21 0.85742300056612
22 1.0692696557890264
24 0.6780402975838891
25 1.1032216959839527
32 0.8789167313332257