1 42
2 109
3 39
4 16
5 156
6 55
7 24
8 110
9 85
10 320
11 108
12 18
13 87
14 22
15 156
16 22
17 163
18 252
19 212
20 22
21 17
22 249
23 239
24 111
25 70
26 321
27 53
28 87
29 86
30 37
31 101
32 41
33 301
34 135
35 157
36 283
37 37
38 75
39 51
40 77
41 16
42 182
43 21
44 151
45 232
46 33
47 17
48 481
49 90
50 37
51 32
52 60
53 531
54 32
55 21
56 52
57 47
58 344
59 177
60 59
61 30
62 385
63 77
64 21
65 99
66 21
67 51
68 61
69 50
70 40
71 25
72 35
73 195
74 33
75 147
76 65
77 31
78 116
79 28
80 39
81 64
82 97
83 75
84 28
85 32
86 33
87 46
88 51
89 17
90 165
91 36
92 340
93 176
94 18
95 79
96 66
97 125
98 18
99 85
100 65
101 90
102 107
103 98
104 37
105 50
106 39
107 95
108 33
109 66
110 66
111 71
112 47
113 52
114 80
115 33
116 65
117 402
118 176
119 84
120 48
121 57
122 42
123 472
124 18
125 63
126 39
127 135
128 19
129 128
130 107
131 227
132 71
133 139
134 141
135 60
136 289
137 158
138 60
139 182
140 47
141 22
142 40
143 58
144 28
145 29
146 338
147 161
148 482
149 462
150 182
151 374
152 18
153 24
154 38
155 74
156 118
157 335
158 18
159 27
160 15
161 228
162 77
163 402
164 21
165 83
166 327
167 44
168 21
169 442
170 70
171 21
172 19
173 457
174 82
175 257
176 62
177 32
178 84
179 82
180 49
181 237
182 69
183 81
184 66
185 36
186 103
187 339
188 57
189 23
190 118
191 23
192 410
193 184
194 51
195 669
196 26
197 16
198 300
199 325
200 24
201 69
202 543
203 102
204 365
205 121
206 20
207 17
208 153
209 19
210 91
211 24
212 90
213 13
214 134
215 24
216 623
217 15
218 73
219 28
220 75
221 25
222 68
223 198
224 157
225 393
226 18
227 23
228 27
229 166
230 152
231 75
232 73
233 46
234 27
235 345
236 45
237 136
238 207
239 61
240 117
241 52
242 231
243 27
244 73
245 614
246 20
247 25
248 29
249 95
250 18
251 62
252 45
253 41
254 19
255 204
256 72
257 42
258 121
259 111
260 133
261 284
262 81
263 72
264 391
265 77
266 43
267 93
268 214
269 24
270 98
271 254
272 395
273 148
274 115
275 74
276 17
277 18
278 162
279 37
280 36
281 87
282 24
283 21
284 386
285 108
286 35
287 90
288 48
289 57
290 26
291 71
292 31
293 257
294 40
295 150
296 77
297 68
298 25
299 82
300 197
301 295
302 639
303 161
304 17
305 127
306 148
307 146
308 435
309 94
310 184
311 17
312 44
313 22
314 216
315 17
316 64
317 16
318 17
319 585
320 15
321 180
322 37
323 95
324 56
325 34
326 309
327 190
328 46
329 605
330 62
331 469
332 57
333 188
334 48
335 128
336 79
337 165
338 290
339 90
340 90
341 18
342 107
343 240
344 76
345 21
346 229
347 66
348 76
349 212
350 52
351 82
352 681
353 18
354 48
355 337
356 16
357 52
358 56
359 32
360 55
361 19
362 49
363 30
364 17
365 39
366 210
367 22
368 263
369 74
370 47
371 60
372 140
373 22
374 39
375 43
376 94
377 106
378 33
379 46
380 112
381 27
382 49
383 17
384 16
385 113
386 222
387 54
388 47
389 55
390 167
391 66
392 398
393 63
394 32
395 20
396 135
397 25
398 180
399 24
400 37
401 61
402 230
403 225
404 38
405 44
406 119
407 26
408 127
409 240
410 76
411 510
412 357
413 82
414 42
415 213
416 50
417 16
418 38
419 89
420 49
421 13
422 33
423 50
424 993
425 149
426 189
427 16
428 38
429 278
430 52
431 68
432 60
433 38
434 37
435 108
436 106
437 38
438 479
439 73
440 24
441 41
442 343
443 30
444 102
445 228
446 41
447 32
448 17
449 44
450 43
451 167
452 98
453 324
454 214
455 20
456 126
457 197
458 32
459 28
460 39
461 408
462 129
463 106
464 65
465 25
466 166
467 56
468 18
469 38
470 56
471 89
472 38
473 43
474 259
475 201
476 356
477 170
478 39
479 72
480 84
481 159
482 649
483 22
484 30
485 38
486 31
487 41
488 22
489 17
490 61
491 23
492 29
493 124
494 156
495 35
496 96
497 15
498 138
499 160
500 76
501 49
502 18
503 22
504 90
505 94
506 73
507 34
508 117
509 571
510 77
511 22
512 32
513 122
514 61
515 124
516 240
517 134
518 199
519 37
520 254
521 31
522 47
523 77
524 825
525 32
526 43
527 19
528 464
529 107
530 79
531 694
532 33
533 489
534 78
535 20
536 162
537 76
538 42
539 104
540 33
541 149
542 23
543 557
544 69
545 24
546 168
547 62
548 95
549 929
550 781
551 179
552 77
553 50
554 31
555 24
556 183
557 49
558 232
559 14
560 109
561 28
562 29
563 266
564 38
565 20
566 431
567 56
568 18
569 103
570 189
571 116
572 18
573 28
574 16
575 135
576 47
577 130
578 22
579 55
580 32
581 40
582 68
583 144
584 32
585 120
586 25
587 323
588 361
589 24
590 135
591 199
592 19
593 88
594 125
595 80
596 32
597 49
598 32
599 21
600 17
601 273
602 121
603 54
604 228
605 93
606 24
607 21
608 138
609 45
610 93
611 102
612 42
613 84
614 44
615 85
616 32
617 17
618 30
619 19
620 146
621 191
622 47
623 137
624 308
625 37
626 58
627 30
628 38
629 189
630 99
631 256
632 26
633 35
634 47
635 142
636 71
637 305
638 91
639 322
640 18
641 102
642 21
643 58
644 88
645 37
646 205
647 190
648 146
649 51
650 36
651 394
652 96
653 17
654 155
655 338
656 135
657 53
658 76
659 84
660 566
661 62
662 103
663 84
664 129
665 15
666 82
667 140
668 28
669 338
670 68
671 115
672 38
673 325
674 69
675 30
676 320
677 156
678 793
679 52
680 29
681 31
682 61
683 27
684 31
685 110
686 18
687 257
688 27
689 113
690 144
691 78
692 522
693 54
694 34
695 148
696 315
697 101
698 222
699 534
700 30
701 66
702 389
703 19
704 63
705 109
706 117
707 41
708 17
709 72
710 715
711 116
712 241
713 198
714 342
715 76
716 315
717 29
718 135
719 23
720 185
721 528
722 42
723 20
724 124
725 71
726 57
727 192
728 122
729 120
730 46
731 502
732 140
733 92
734 35
735 325
736 93
737 164
738 29
739 103
740 31
741 64
742 32
743 122
744 234
745 22
746 333
747 25
748 61
749 376
750 44
751 21
752 819
753 170
754 126
755 103
756 29
757 380
758 23
759 81
760 54
761 15
762 37
763 22
764 109
765 331
766 40
767 146
768 35
769 57
770 604
771 23
772 78
773 34
774 177
775 18
776 74
777 406
778 129
779 31
780 399
781 188
782 18
783 92
784 27
785 84
786 53
787 94
788 159
789 93
790 20
791 267
792 74
793 111
794 36
795 116
796 365
797 67
798 258
799 34
800 218
801 241
802 416
803 39
804 38
805 60
806 60
807 29
808 208
809 77
810 101
811 55
812 75
813 49
814 28
815 23
816 160
817 311
818 135
819 47
820 90
821 13
822 235
823 108
824 251
825 32
826 26
827 18
828 91
829 110
830 142
831 50
832 134
833 16
834 37
835 20
836 57
837 53
838 138
839 628
840 188
841 22
842 29
843 108
844 65
845 43
846 207
847 49
848 39
849 89
850 451
851 65
852 29
853 81
854 389
855 510
856 41
857 55
858 149
859 124
860 31
861 62
862 88
863 52
864 113
865 34
866 27
867 34
868 63
869 688
870 29
871 35
872 85
873 132
874 23
875 72
876 89
877 507
878 36
879 33
880 88
881 724
882 68
883 27
884 71
885 49
886 26
887 80
888 56
889 1215
890 191
891 186
892 28
893 90
894 62
895 50
896 55
897 164
898 18
899 254
900 24
901 27
902 22
903 63
904 207
905 101
906 19
907 18
908 33
909 57
910 146
911 432
912 34
913 32
914 50
915 78
916 48
917 25
918 110
919 261
920 58
921 127
922 271
923 33
924 152
925 51
926 86
927 153
928 173
929 294
930 81
931 124
932 19
933 47
934 409
935 325
936 67
937 276
938 22
939 128
940 107
941 24
942 20
943 58
944 40
945 132
946 24
947 17
948 410
949 303
950 44
951 17
952 129
953 153
954 113
955 255
956 91
957 270
958 132
959 73
960 109
961 43
962 40
963 334
964 64
965 62
966 132
967 67
968 48
969 21
970 419
971 186
972 29
973 156
974 48
975 334
976 45
977 201
978 34
979 59
980 105
981 189
982 39
983 63
984 548
985 110
986 17
987 137
988 63
989 34
990 85
991 45
992 28
993 47
994 32
995 38
996 235
997 21
998 109
999 339
1000 66
1001 300
1002 57
1003 23
1004 389
1005 76
1006 37
1007 25
1008 40
1009 38
1010 808
1011 29
1012 40
1013 40
1014 35
1015 1016
1016 123
1017 408
1018 90
1019 750
1020 70
1021 103
1022 116
1023 34
1024 38
1025 27
1026 34
1027 40
1028 45
1029 203
1030 132
1031 123
1032 84
1033 159
1034 275
1035 81
1036 44
1037 30
1038 115
1039 22
1040 204
1041 64
1042 33
1043 31
1044 116
1045 33
1046 22
1047 60
1048 31
1049 31
1050 457
1051 685
1052 54
1053 276
1054 106
1055 62
1056 56
1057 136
1058 278
1059 423
1060 61
1061 42
1062 144
1063 75
1064 80
1065 77
1066 91
1067 76
1068 466
1069 498
1071 115
1072 76
1073 96
1074 151
1075 36
1076 30
1077 246
1078 99
1079 96
1080 46
1081 29
1082 44
1083 22
1084 146
1085 28
1086 238
1087 315
1088 946
1089 57
1090 58
1091 28
1092 42
1093 60
1094 139
1095 29
1096 217
1097 140
1098 27
1099 159
1100 407
1101 403
1102 24
1103 46
1104 41
1105 125
1106 54
1107 62
1108 30
1109 159
1110 43
1111 23
1112 558
1113 253
1114 112
1115 88
1116 112
1117 588
1118 26
1119 309
1120 605
1121 227
1122 95
1123 25
1124 302
1125 467
1126 14
1127 101
1128 399
1129 82
1130 213
1131 85
1132 135
1133 140
1134 128
1135 136
1136 48
1137 452
1138 75
1139 142
1140 290
1141 365
1142 207
1143 42
1144 18
1145 45
1146 302
1147 262
1148 47
1149 74
1150 1045
1151 258
1152 127
1153 64
1154 18
1155 149
1156 60
1157 21
1158 51
1159 97
1160 88
1161 77
1162 133
1163 49
1164 381
1165 109
1166 23
1167 53
1168 184
1169 96
1170 207
1171 20
1172 362
1173 278
1174 18
1175 56
1176 103
1177 64
1178 28
1179 192
1180 31
1181 1186
1182 292
1183 144
1184 218
1185 75
1186 164
1187 22
1188 27
1189 22
1190 23
1191 83
1192 23
1193 223
1194 508
1195 78
1196 90
1197 19
1198 75
1199 147
1200 33
1201 50
1202 412
1203 607
1204 101
1205 68
1206 115
1207 495
1208 41
1209 181
1210 32
1211 323
1212 58
1213 21
1214 35
1215 88
1216 162
1217 42
1218 186
1219 177
1220 166
1221 180
1222 56
1223 119
1224 477
1225 26
1226 16
1227 132
1228 198
1229 24
1230 206
1231 89
1232 114
1233 52
1234 23
1235 41
1236 19
1237 23
1238 35
1239 63
1240 22
1241 150
1242 484
1243 287
1244 422
1245 29
1246 451
1247 30
1248 78
1249 17
1250 15
1251 34
1252 97
1253 65
1254 77
1255 189
1256 27
1257 38
1258 34
1259 49
1260 432
1261 148
1262 126
1263 230
1264 567
1265 264
1266 569
1267 132
1268 158
1269 25
1270 26
1271 127
1272 230
1273 269
1274 481
1275 25
1276 57
1277 29
1278 54
1279 285
1280 37
1281 116
1282 18
1283 37
1284 404
1285 925
1286 53
1287 81
1288 105
1289 33
1290 44
1291 231
1292 36
1293 48
1294 204
1295 33
1296 41
1297 388
1298 489
1299 187
1300 131
1301 235
1302 43
1303 543
1304 63
1305 19
1306 371
1307 16
1308 77
1309 18
1310 20
1311 150
1312 118
1313 25
1314 183
1315 74
1316 33
1317 641
1318 16
1319 20
1320 94
1321 139
1322 309
1323 124
1324 85
1325 221
1326 32
1327 53
1328 99
1329 314
1330 37
1331 122
1332 25
1333 436
1334 42
1335 242
1336 17
1337 52
1338 116
1339 171
1340 630
1341 68
1342 65
1343 216
1344 60
1345 142
1346 23
1347 129
1348 108
1349 34
1350 89
1351 17
1352 120
1353 49
1354 560
1355 41
1356 372
1357 141
1358 184
1359 83
1360 80
1361 102
1362 181
1363 18
1364 44
1365 56
1366 115
1367 169
1368 33
1369 328
1370 126
1371 38
1372 42
1373 63
1374 83
1375 45
1376 75
1377 427
1378 52
1379 27
1380 201
1381 60
1382 29
1383 665
1384 17
1385 20
1386 64
1387 178
1388 39
1389 321
1390 245
1391 170
1392 188
1393 85
1394 19
1395 240
1396 153
1397 42
1398 25
1399 227
1400 44
1401 43
1402 38
1403 53
1404 275
1405 37
1406 12
1407 141
1408 117
1409 69
1410 69
1411 47
1412 13
1413 145
1414 59
1415 144
1416 19
1417 22
1418 235
1419 37
1420 216
1421 154
1422 593
1423 65
1424 33
1425 631
1426 314
1427 124
1428 40
1429 18
1430 101
1431 17
1432 26
1433 70
1434 236
1435 27
1436 53
1437 119
1438 29
1439 23
1440 110
1441 90
1442 120
1443 31
1444 22
1445 24
1446 73
1447 790
1448 829
1449 1007
1450 88
1451 580
1452 15
1453 19
1454 18
1455 47
1456 20
1457 232
1458 75
1459 19
1460 23
1461 39
1462 33
1463 95
1464 85
1465 486
1466 195
1467 70
1468 82
1469 22
1470 586
1471 22
1472 185
1473 194
1474 104
1475 61
1476 54
1477 23
1478 24
1479 20
1480 34
1481 77
1482 48
1483 212
1484 256
1485 12
1486 39
1487 33
1488 19
1489 394
1490 137
1491 209
1492 84
1493 13
1494 83
1495 150
1496 459
1497 164
1498 96
1499 105
1500 94
1501 420
1502 216
1503 213
1504 36
1505 254
1506 86
1507 87
1508 16
1509 243
1510 29
1511 79
1512 28
1513 110
1514 103
1515 21
1516 243
1517 53
1518 18
1519 76
1520 18
1521 58
1522 63
1523 70
1524 197
1525 73
1526 22
1527 83
1528 60
1529 23
1530 339
1531 33
1532 105
1533 58
1534 17
1535 23
1536 32
1537 34
1538 67
1539 24
1540 96
1541 24
1542 231
1543 138
1544 134
1545 177
1546 268
1547 101
1548 39
1549 18
1550 24
1551 129
1552 209
1553 33
1554 28
1555 59
1556 264
1557 49
1558 23
1559 39
1560 128
1561 122
1562 32
1563 71
1564 102
1565 38
1566 18
1567 77
1568 25
1569 64
1570 52
1571 123
1572 34
1573 23
1574 45
1575 47
1576 39
1577 103
1578 26
1579 599
1580 32
1581 35
1582 19
1583 43
1584 361
1585 84
1586 334
1587 423
1588 39
1589 82
1590 33
1591 249
1592 236
1593 169
1594 118
1595 107
1596 18
1597 189
1598 145
1599 436
1600 318
1601 166
1602 94
1603 51
1604 23
1605 775
1606 169
1607 224
1608 113
1609 301
1610 24
1611 459
1612 18
1613 620
1614 53
1615 16
1616 213
1617 184
1618 79
1619 23
1620 27
1621 20
1622 23
1623 56
1624 268
1625 42
1626 226
1627 35
1628 348
1629 57
1630 93
1631 214
1632 589
1633 27
1634 85
1635 628
1636 140
1637 69
1638 32
1639 433
1640 129
1641 194
1642 63
1643 183
1644 37
1645 425
1646 54
1647 701
1648 118
1649 46
1650 173
1651 25
1652 18
1653 18
1654 40
1655 147
1656 19
1657 31
1658 321
1659 45
1660 47
1661 31
1662 22
1663 39
1664 17
1665 54
1666 324
1667 409
1668 25
1669 22
1670 41
1671 519
1672 32
1673 67
1674 18
1675 455
1676 699
1677 35
1678 96
1679 62
1680 1469
1681 97
1682 22
1683 145
1684 44
1685 346
1686 23
1687 317
1688 101
1689 108
1690 110
1691 40
1692 170
1693 254
1694 329
1695 160
1696 255
1697 280
1698 773
1699 287
1700 37
1701 435
1702 65
1703 22
1704 32
1705 69
1706 160
1707 71
1708 17
1709 173
1710 57
1711 25
1712 406
1713 17
1714 212
1715 34
1716 151
1717 333
1718 27
1719 19
1720 39
1721 90
1722 166
1723 109
1724 125
1725 26
1726 303
1727 407
1728 34
1729 44
1730 15
1731 56
1732 27
1733 667
1734 66
1735 60
1736 153
1737 607
1738 46
1739 63
1740 57
1741 533
1742 32
1743 76
1744 115
1745 53
1746 267
1747 84
1748 480
1749 442
1750 59
1751 17
1752 333
1753 232
1754 21
1755 297
1756 35
1757 312
1758 352
1759 201
1760 51
1761 94
1762 59
1763 21
1764 494
1765 86
1766 20
1767 240
1768 106
1769 61
1770 71
1771 19
1772 25
1773 43
1774 32
1775 128
1776 339
1777 47
1778 443
1779 122
1780 501
1781 79
1782 30
1783 19
1784 43
1785 40
1786 45
1787 24
1788 21
1789 40
1790 265
1791 104
1792 32
1793 224
1794 364
1795 17
1796 144
1797 133
1798 55
1799 75
1800 199
1801 17
1802 169
1803 232
1804 101
1805 135
1806 164
1807 158
1808 22
1809 46
1810 34
1811 25
1812 570
1813 16
1814 43
1815 32
1816 46
1817 99
1818 32
1819 95
1820 228
1822 57
1823 23
1824 130
1825 120
1826 47
1827 41
1828 114
1829 22
1830 27
1831 88
1832 35
1833 80
1834 55
1835 635
1836 335
1837 620
1838 22
1839 74
1840 18
1841 183
1842 375
1843 86
1844 18
1845 175
1846 46
1847 32
1848 17
1849 18
1850 55
1851 392
1852 45
1853 123
1854 193
1855 67
1856 101
1857 36
1858 78
1859 34
1860 240
1861 361
1862 21
1863 81
1864 18
1865 274
1866 100
1867 37
1868 42
1869 37
1870 123
1871 92
1872 25
1873 155
1874 54
1875 273
1876 26
1877 116
1878 68
1879 213
1880 744
1881 46
1882 182
1883 352
1884 552
1885 46
1886 21
1887 96
1888 29
1889 517
1890 158
1891 225
1892 19
1893 25
1894 137
1895 65
1896 163
1897 525
1898 23
1899 602
1900 32
1901 122
1902 209
1903 153
1904 286
1905 38
1906 20
1907 19
1908 171
1909 47
1910 43
1911 23
1912 760
1913 35
1914 18
1915 30
1916 324
1917 72
1918 19
1919 42
1920 486
1921 65
1922 342
1923 43
1924 64
1925 251
1926 476
1927 19
1928 171
1929 19
1930 262
1931 66
1932 62
1933 25
1934 43
1935 42
1936 21
1937 242
1938 141
1939 172
1940 53
1941 1296
1942 46
1943 565
1944 54
1945 56
1946 60
1947 111
1948 141
1949 84
1950 103
1951 106
1952 208
1953 25
1954 125
1955 34
1956 50
1957 40
1958 668
1959 55
1960 166
1961 69
1962 420
1963 66
1964 18
1965 55
1966 37
1967 18
1968 354
1969 410
1970 40
1971 26
1972 66
1973 29
1974 412
1975 42
1976 100
1977 60
1978 124
1979 26
1980 1017
1981 55
1982 123
1983 446
1984 233
1985 129
1986 19
1987 42
1988 485
1989 20
1990 32
1991 22
1992 76
1993 16
1994 20
1995 67
1996 132
1997 29
1998 280
1999 71
2000 77
2001 36
2002 142
2003 51
2004 87
2005 72
2006 35
2007 32
2008 133
2009 47
2010 577
2011 193
2012 495
2013 64
2014 47
2015 703
2016 275
2017 92
2018 358
2019 24
2020 380
2021 110
2022 153
2023 236
2024 211
2025 94
2026 166
2027 85
2028 23
2029 181
2030 480
2031 170
2032 52
2033 50
2034 30
2035 139
2036 48
2037 16
2038 349
2039 99
2040 33
2041 444
2042 203
2043 68
2044 15
2045 19
2046 64
2047 245
2048 28
2049 29
2050 205
2051 184
2052 26
2053 19
2054 267
2055 115
2056 192
2057 49
2058 75
2059 203
2060 213
2061 14
2062 77
2063 1046
2064 200
2065 24
2066 24
2067 154
2068 106
2069 53
2070 88
2071 179
2072 161
2073 514
2074 33
2075 31
2076 64
2077 553
2078 82
2079 79
2080 27
2081 43
2082 58
2083 30
2084 130
2085 215
2086 22
2087 41
2088 348
2089 76
2090 183
2091 116
2092 578
2093 45
2094 60
2095 62
2096 97
2097 131
2098 293
2099 26
2100 237
2101 83
2102 428
2103 75
2104 43
2105 409
2106 717
2107 23
2108 16
2109 619
2110 182
2111 15
2112 40
2113 37
2114 117
2115 43
2116 782
2117 40
2118 64
2119 146
2120 141
2121 157
2122 173
2123 28
2124 497
2125 178
2126 62
2127 138
2128 13
2129 292
2130 57
2131 245
2132 56
2133 17
2134 45
2135 20
2136 123
2137 57
2138 49
2139 46
2140 159
2141 17
2142 65
2143 91
2144 85
2145 179
2146 85
2147 84
2148 207
2149 43
2150 28
2151 32
2152 16
2153 294
2154 38
2155 60
2156 250
2157 116
2158 85
2159 27
2160 15
2161 100
2162 145
2163 78
2164 381
2165 179
2166 170
2167 183
2168 303
2169 27
2170 101
2171 74
2172 364
2173 245
2174 149
2175 138
2176 139
2177 159
2178 141
2179 113
2180 314
2181 743
2182 19
2183 27
2184 24
2185 247
2186 233
2187 108
2188 316
2189 29
2190 108
2191 28
2192 92
2193 23
2194 87
2195 203
2196 26
2197 50
2198 54
2199 99
2200 59
2201 50
2202 56
2203 432
2204 24
2205 407
2206 125
2207 17
2208 198
2209 22
2210 24
2211 237
2212 85
2213 31
2214 65
2215 151
2216 35
2217 32
2218 25
2219 156
2220 25
2221 142
2222 175
2223 419
2224 33
2225 313
2226 45
2227 40
2228 51
2229 30
2230 187
2231 340
2232 247
2233 164
2234 17
2235 121
2236 78
2237 349
2238 70
2239 97
2240 83
2241 101
2242 275
2243 46
2244 337
2245 42
2246 136
2247 204
2248 91
2249 57
2250 55
2251 337
2252 19
2253 25
2254 65
2255 145
2256 58
2257 28
2258 287
2259 176
2260 19
2261 201
2262 104
2263 188
2264 236
2265 196
2266 75
2267 44
2268 18
2269 21
2270 86
2271 255
2272 103
2273 56
2274 28
2275 30
2276 87
2277 24
2278 56
2279 344
2280 65
2281 62
2282 151
2283 36
2284 42
2285 41
2286 39
2287 24
2288 437
2289 25
2290 128
2291 30
2292 17
2293 221
2294 51
2295 18
2296 25
2297 32
2298 101
2299 63
2300 46
2301 36
2302 159
2303 257
2304 710
2305 59
2306 49
2307 108
2308 52
2309 151
2310 89
2311 19
2312 30
2313 40
2314 26
2315 32
2316 120
2317 44
2318 55
2319 48
2320 74
2321 94
2322 50
2323 219
2324 66
2325 23
2326 42
2327 51
2328 35
2329 35
2330 95
2331 57
2332 33
2333 44
2334 263
2335 80
2336 16
2337 45
2338 148
2339 19
2340 312
2341 44
2342 62
2343 32
2344 145
2345 17
2346 62
2347 15
2348 173
2349 94
2350 93
2351 112
2352 98
2353 151
2354 53
2355 119
2356 20
2357 25
2358 26
2359 43
2360 25
2361 39
2362 36
2363 26
2364 22
2365 38
2366 34
2367 44
2368 194
2369 21
2370 61
2371 63
2372 57
2373 15
2374 124
2375 19
2376 402
2377 29
2378 207
2379 20
2380 325
2381 15
2382 54
2383 378
2384 26
2385 18
2386 58
2387 52
2388 18
2389 252
2390 62
2391 52
2392 35
2393 120
2394 60
2395 182
2396 26
2397 48
2398 93
2399 20
2400 47
2401 43
2402 425
2403 144
2404 77
2405 45
2406 77
2407 125
2408 55
2409 115
2410 96
2411 256
2412 24
2413 22
2414 178
2415 28
2416 37
2417 14
2418 48
2419 438
2420 39
2421 48
2422 15
2423 57
2424 115
2425 48
2426 28
2427 99
2428 69
2429 104
2430 33
2431 22
2432 28
2433 26
2434 19
2435 89
2436 350
2437 37
2438 162
2439 71
2440 19
2441 23
2442 19
2443 21
2444 77
2445 206
2446 333
2447 44
2448 57
2449 23
2450 22
2451 127
2452 37
2453 486
2454 237
2455 161
2456 289
2457 416
2458 128
2459 95
2460 44
2461 83
2462 197
2463 87
2464 24
2465 177
2466 163
2467 16
2468 104
2469 51
2470 22
2471 28
2472 230
2473 28
2474 26
2475 29
2476 50
2477 50
2478 237
2479 24
2480 34
2481 114
2482 31
2483 54
2484 446
2485 198
2486 125
2487 32
2488 17
2489 315
2490 19
2491 94
2492 69
2493 70
2494 31
2495 27
2496 421
2497 96
2498 123
2499 36
2500 114
2501 66
2502 17
2503 153
2504 252
2505 25
2506 200
2507 690
2508 44
2509 34
2510 31
2511 22
2512 24
2513 52
2514 23
2515 41
2516 20
2517 40
2518 34
2519 38
2520 40
2521 40
2522 57
2523 105
2524 20
2525 44
2526 207
2527 17
2528 54
2529 639
2530 17
2531 24
2532 26
2533 111
2534 29
2535 53
2536 46
2537 440
2538 16
2539 34
2540 172
2541 202
2542 19
2543 18
2544 563
2545 42
2546 87
2547 106
2548 35
2549 17
2550 71
2551 62
2552 60
2553 20
2554 36
2555 128
2556 38
2557 55
2558 37
2559 150
2560 33
2561 62
2562 134
2563 20
2564 93
2565 229
2566 214
2567 270
2568 25
2569 37
2570 56
2571 57
2572 116
2573 82
2574 19
2575 139
2576 211
2577 33
2578 28
2579 49
2580 58
2581 314
2582 19
2583 263
2584 16
2585 87
2586 37
2587 25
2588 33
2589 168
2590 288
2591 31
2592 366
2593 100
2594 72
2595 122
2596 32
2597 53
2598 20
2599 176
2600 72
2601 18
2602 20
2603 38
2604 54
2605 144
2606 37
2607 52
2608 176
2609 161
2610 38
2611 341
2612 35
2613 18
2614 26
2615 50
2616 43
2617 60
2618 18
2619 71
2620 131
2621 247
2622 33
2623 39
2624 243
2625 111
2626 18
2627 384
2628 165
2629 230
2630 45
2631 71
2632 39
2633 31
2634 222
2635 49
2636 53
2637 45
2638 409
2639 28
2640 16
2641 245
2642 56
2643 363
2644 14
2645 221
2646 16
2647 21
2648 82
2649 167
2650 39
2651 93
2652 35
2653 23
2654 79
2655 61
2656 105
2657 16
2658 26
2659 139
2660 40
2661 81
2662 35
2663 125
2664 292
2665 656
2666 76
2667 23
2668 176
2669 94
2670 227
2671 19
2672 41
2673 17
2674 98
2675 35
2676 187
2677 28
2678 34
2679 286
2680 173
2681 177
2682 91
2683 219
2684 180
2685 152
2686 16
2687 21
2688 111
2689 90
2690 16
2691 189
2692 112
2693 119
2694 60
2695 45
2696 18
2697 26
2698 38
2699 89
2700 231
2701 89
2702 31
2703 72
2704 40
2705 13
2706 19
2707 19
2708 33
2709 27
2710 19
2711 33
2712 47
2713 17
2714 14
2715 61
2716 19
2717 19
2718 95
2719 97
2720 30
2721 28
2722 19
2723 72
2724 168
2725 26
2726 73
2727 67
2728 52
2729 21
2730 127
2731 229
2732 35
2733 83
2734 101
2735 18
2736 74
2737 325
2738 87
2739 24
2740 126
2741 26
2742 87
2743 358
2744 113
2745 152
2746 46
2747 117
2748 260
2749 69
2750 169
2751 136
2752 306
2753 408
2754 76
2755 16
2756 199
2757 107
2758 22
2759 15
2760 52
2761 381
2762 38
2763 20
2764 280
2765 172
2766 81
2767 19
2768 60
2769 120
2770 35
2771 223
2772 143
2773 66
2774 226
2775 27
2776 282
2777 732
2778 85
2779 143
2780 29
2781 228
2782 47
2783 48
2784 129
2785 127
2786 237
2787 114
2788 99
2789 75
2790 102
2791 35
2792 158
2793 616
2794 116
2795 75
2796 316
2797 35
2798 57
2799 18
2800 69
2801 81
2802 67
2803 85
2804 134
2805 77
2806 65
2807 263
2808 109
2809 84
2810 310
2811 65
2812 95
2813 15
2814 136
2815 39
2816 21
2817 66
2818 240
2819 17
2820 729
2821 23
2822 54
2823 39
2824 190
2825 173
2826 211
2827 25
2828 43
2829 27
2830 64
2831 29
2832 118
2833 43
2834 18
2835 28
2836 17
2837 195
2838 30
2839 25
2840 263
2841 363
2842 71
2843 31
2844 81
2845 43
2846 84
2847 320
2848 181
2849 132
2850 37
2851 28
2852 112
2853 71
2854 340
2855 58
2856 39
2857 635
2858 60
2859 112
2860 406
2861 35
2862 70
2863 100
2864 44
2865 77
2866 165
2867 22
2868 157
2869 27
2870 113
2871 24
2872 346
2873 191
2874 76
2875 26
2876 153
2877 36
2878 563
2879 18
2880 216
2881 65
2882 95
2883 122
2884 16
2885 159
2886 71
2887 461
2888 305
2889 142
2890 115
2891 42
2892 74
2893 17
2894 85
2895 399
2896 252
2897 89
2898 87
2899 338
2900 244
2901 187
2902 18
2903 125
2904 39
2905 98
2906 47
2907 682
2908 13
2909 992
2910 116
2911 45
2912 37
2913 267
2914 59
2915 62
2916 190
2917 54
2918 302
2919 119
2920 16
2921 92
2922 59
2923 13
2924 30
2925 23
2926 261
2927 47
2928 324
2929 304
2930 13
2931 183
2932 20
2933 91
2934 488
2935 115
2936 35
2937 75
2938 161
2939 123
2940 25
2941 298
2942 102
2943 93
2944 142
2945 54
2946 366
2947 104
2948 46
2949 36
2950 57
2951 55
2952 134
2953 71
2954 26
2955 152
2956 20
2957 50
2958 34
2959 60
2960 26
2961 36
2962 507
2963 29
2964 38
2965 19
2966 167
2967 413
2968 133
2969 143
2970 38
2971 31
2972 135
2973 52
2974 101
2975 80
2976 116
2977 16
2978 142
2979 37
2980 109
2981 25
2982 17
2983 44
2984 14
2985 153
2986 580
2987 43
2988 48
2989 75
2990 214
2991 52
2992 39
2993 59
2994 305
2995 269
2996 364
2997 135
2998 47
2999 107
3000 88
3001 240
3002 115
3003 59
3004 92
3005 91
3006 38
3007 188
3008 30
3009 20
3010 77
3011 76
3012 270
3013 362
3014 141
3015 37
3016 35
3017 280
3018 502
3019 21
3020 134
3021 17
3022 117
3023 54
3024 176
3025 116
3026 287
3027 17
3028 90
3029 604
3030 21
3031 402
3032 805
3033 109
3034 22
3035 65
3036 91
3037 47
3038 92
3039 47
3040 21
3041 81
3042 51
3043 23
3044 244
3045 121
3046 67
3047 63
3048 57
3049 58
3050 54
3051 326
3052 68
3053 151
3054 418
3055 229
3056 215
3057 124
3058 118
3059 38
3060 26
3061 24
3062 41
3063 49
3064 36
3065 227
3066 75
3067 673
3068 16
3069 163
3070 30
3071 23
3072 185
3073 41
3074 119
3075 211
3076 20
3077 67
3078 26
3079 71
3080 433
3081 315
3082 297
3083 81
3084 62
3085 98
3086 91
3087 237
3088 38
3089 41
3090 52
3091 53
3092 46
3093 148
3094 31
3095 133
3096 160
3097 52
3098 74
3099 126
3100 43
3101 218
3102 29
3103 31
3104 24
3105 105
3106 57
3107 50
3108 363
3109 47
3110 232
3111 97
3112 178
3113 43
3114 84
3115 25
3116 69
3117 33
3118 474
3119 74
3120 32
3121 207
3122 23
3123 129
3124 21
3125 291
3126 67
3127 32
3128 258
3129 411
3130 57
3131 57
3132 25
3133 18
3134 84
3135 103
3136 32
3137 39
3138 168
3139 48
3140 251
3141 54
3142 80
3143 166
3144 27
3145 89
3146 51
3147 154
3148 84
3149 22
3150 67
3151 138
3152 23
3153 32
3154 149
3155 66
3156 54
3157 130
3158 223
3159 200
3160 22
3161 59
3162 67
3163 676
3164 25
3165 24
3166 30
3167 175
3168 22
3169 109
3170 61
3171 106
3172 91
3173 77
3174 70
3175 62
3176 16
3177 48
3178 159
3179 20
3180 405
3181 20
3182 507
3183 81
3184 76
3185 70
3186 33
3187 21
3188 15
3189 420
3190 26
3191 329
3192 123
3193 141
3194 30
3195 154
3196 252
3197 106
3198 84
3199 76
3200 121
3201 357
3202 111
3203 126
3204 38
3205 241
3206 79
3207 77
3208 309
3209 177
3210 126
3211 74
3212 21
3213 108
3214 30
3215 25
3216 260
3217 270
3218 49
3219 108
3220 57
3221 31
3222 14
3223 46
3224 879
3225 18
3226 94
3227 274
3228 121
3229 153
3230 115
3231 130
3232 54
3233 126
3234 18
3235 28
3236 17
3237 64
3238 27
3239 61
3240 120
3241 46
3242 177
3243 186
3244 19
3245 61
3246 174
3247 24
3248 71
3249 58
3250 101
3251 48
3252 25
3253 129
3254 17
3255 36
3256 46
3257 55
3258 33
3259 324
3260 178
3261 428
3262 79
3263 91
3264 20
3265 398
3266 124
3267 82
3268 59
3269 63
3270 98
3271 262
3272 663
3273 14
3274 157
3275 12
3276 22
3277 112
3278 39
3279 86
3280 528
3281 161
3282 19
3283 197
3284 33
3285 496
3286 21
3287 15
3288 24
3289 52
3290 154
3291 17
3292 792
3293 39
3294 77
3295 52
3296 62
3297 100
3298 24
3299 244
3300 290
3301 254
3302 71
3303 23
3304 134
3305 78
3306 45
3307 22
3308 576
3309 223
3310 52
3311 732
3312 522
3313 381
3314 267
3315 141
3316 32
3317 90
3318 54
3319 97
3320 443
3321 67
3322 43
3323 100
3324 17
3325 21
3326 33
3327 290
3328 212
3329 109
3330 16
3331 108
3332 75
3333 158
3334 74
3335 16
3336 538
3337 63
3338 35
3339 69
3340 98
3341 126
3342 45
3343 40
3344 41
3345 111
3346 186
3347 35
3348 40
3349 115
3350 41
3351 22
3352 83
3353 188
3354 27
3355 23
3356 191
3357 56
3358 184
3359 71
3360 48
3361 129
3362 60
3363 200
3364 88
3365 276
3366 20
3367 283
3368 79
3369 30
3370 174
3371 386
3372 25
3373 26
3374 84
3375 20
3376 18
3377 135
3378 183
3379 30
3380 363
3381 25
3382 49
3383 43
3384 105
3385 32
3386 111
3387 106
3388 15
3389 460
3390 152
3391 982
3392 25
3393 220
3394 276
3395 44
3396 18
3397 23
3398 47
3399 117
3400 174
3401 666
3402 262
3403 166
3404 23
3405 33
3406 33
3407 14
3408 99
3409 34
3410 584
3411 264
3412 223
3413 102
3414 243
3415 144
3416 371
3417 72
3418 169
3419 94
3420 191
3421 21
3422 305
3423 250
3424 54
3425 383
3426 93
3427 29
3428 142
3429 26
3430 333
3431 47
3432 92
3433 68
3434 129
3435 107
3436 165
3437 40
3438 64
3439 67
3440 20
3441 252
3442 152
3443 20
3444 89
3445 116
3446 32
3447 68
3448 19
3449 48
3450 147
3451 52
3452 67
3453 235
3454 285
3455 15
3456 47
3457 130
3458 127
3459 23
3460 69
3461 32
3462 460
3463 28
3464 306
3465 49
3466 28
3467 48
3468 49
3469 375
3470 64
3471 683
3472 34
3473 120
3474 162
3475 481
3476 576
3477 116
3478 65
3479 69
3480 39
3481 115
3482 57
3483 517
3484 171
3485 42
3486 73
3487 265
3488 17
3489 85
3490 200
3491 576
3492 52
3493 129
3494 22
3495 17
3496 17
3497 72
3498 95
3499 360
3500 45
3501 164
3502 28
3503 393
3504 171
3505 79
3506 54
3507 743
3508 33
3509 323
3510 50
3511 169
3512 337
3513 250
3514 63
3515 79
3516 117
3517 95
3518 408
3519 540
3520 232
3521 315
3522 47
3523 34
3524 127
3525 73
3526 767
3527 31
3528 89
3529 176
3530 14
3531 59
3532 95
3533 75
3534 48
3535 24
3536 129
3537 47
3538 136
3539 873
3540 166
3541 27
3542 16
3543 79
3544 27
3545 25
3546 334
3547 293
3548 23
3549 32
3550 291
3551 66
3552 19
3553 38
3554 26
3555 100
3556 82
3557 324
3558 229
3559 56
3560 117
3561 203
3562 560
3563 166
3564 114
3565 115
3566 24
3567 59
3568 89
3569 346
3570 18
3571 76
3572 87
3573 34
3574 139
3575 29
3576 429
3577 59
3578 222
3579 209
3580 56
3581 24
3582 80
3583 22
3584 52
3585 202
3586 121
3587 35
3588 181
3589 560
3590 362
3591 166
3592 302
3593 52
3594 131
3595 25
3596 98
3597 59
3598 53
3599 147
3600 280
3601 119
3602 70
3603 256
3604 23
3605 94
3606 27
3607 202
3608 88
3609 114
3610 558
3611 171
3612 181
3613 58
3614 124
3615 143
3616 17
3617 38
3618 1071
3619 83
3620 346
3621 294
3622 131
3623 20
3624 275
3625 160
3626 685
3627 31
3628 27
3629 42
3630 141
3631 34
3632 25
3633 17
3634 20
3635 121
3636 17
3637 50
3638 101
3639 77
3640 59
3641 382
3642 18
3643 187
3644 31
3645 54
3646 76
3647 29
3648 515
3649 37
3650 635
3651 195
3652 228
3653 90
3654 230
3655 27
3656 67
3657 29
3658 217
3659 73
3660 42
3661 104
3662 67
3663 74
3664 106
3665 178
3666 28
3667 49
3668 31
3669 344
3670 55
3671 86
3672 169
3673 169
3674 76
3675 695
3676 84
3677 107
3678 120
3679 308
3680 41
3681 527
3682 67
3683 478
3684 111
3685 242
3686 62
3687 152
3688 248
3689 181
3690 319
3691 238
3692 53
3693 481
3694 41
3695 254
3696 119
3697 113
3698 98
3699 46
3700 56
3701 67
3702 40
3703 40
3704 171
3705 627
3706 58
3707 39
3708 27
3709 256
3710 54
3711 75
3712 119
3713 320
3714 36
3715 248
3716 321
3717 226
3718 222
3719 29
3720 168
3721 100
3722 25
3723 33
3724 462
3725 24
3726 265
3727 376
3728 48
3729 357
3730 23
3731 90
3732 174
3733 101
3734 35
3735 238
3736 92
3737 120
3738 26
3739 14
3740 40
3741 103
3742 103
3743 25
3744 28
3745 153
3746 280
3747 49
3748 26
3749 91
3750 32
3751 327
3752 143
3753 38
3754 239
3755 52
3756 326
3757 164
3758 39
3759 83
3760 252
3761 138
3762 330
3763 114
3764 20
3765 21
3766 100
3767 33
3768 579
3769 327
3770 215
3771 375
3772 37
3773 288
3774 42
3775 77
3776 34
3777 96
3778 735
3779 47
3780 236
3781 52
3782 54
3783 18
3784 34
3785 30
3786 49
3787 19
3788 19
3789 126
3790 102
3791 106
3792 655
3793 110
3794 36
3795 25
3796 151
3797 20
3798 26
3799 107
3800 57
3801 119
3802 14
3803 17
3804 158
3805 31
3806 136
3807 378
3808 941
3809 33
3810 49
3811 94
3812 89
3813 54
3814 32
3815 97
3816 268
3817 43
3818 35
3819 91
3820 38
3821 573
3822 133
3823 509
3824 815
3825 392
3826 22
3827 158
3828 34
3829 670
3830 113
3831 98
3832 88
3833 254
3834 460
3835 74
3836 412
3837 157
3838 21
3839 70
3840 52
3841 991
3842 552
3843 52
3844 113
3845 58
3846 53
3847 333
3848 62
3849 51
3850 307
3851 74
3852 44
3853 261
3854 65
3855 82
3856 37
3857 39
3858 129
3859 255
3860 139
3861 29
3862 27
3863 20
3864 150
3865 46
3866 60
3867 32
3868 229
3869 42
3870 21
3871 96
3872 40
3873 59
3874 92
3875 34
3876 39
3877 16
3878 386
3879 36
3880 50
3881 70
3882 169
3883 16
3884 509
3885 468
3886 76
3887 266
3888 124
3889 111
3890 62
3891 76
3892 374
3893 38
3894 124
3895 52
3896 124
3897 17
3898 84
3899 45
3900 338
3901 54
3902 139
3903 137
3904 85
3905 64
3906 44
3907 38
3908 128
3909 67
3910 193
3911 16
3912 83
3913 137
3914 94
3915 19
3916 420
3917 86
3918 19
3919 51
3920 48
3921 55
3922 150
3923 89
3924 61
3925 85
3926 53
3927 123
3928 20
3929 487
3930 150
3931 177
3932 27
3933 20
3934 569
3935 131
3936 28
3937 59
3938 76
3939 19
3940 399
3941 45
3942 477
3943 52
3944 40
3945 437
3946 222
3947 83
3948 85
3949 60
3950 53
3951 150
3952 43
3953 189
3954 35
3955 127
3956 31
3957 282
3958 145
3959 19
3960 22
3961 192
3962 65
3963 365
3964 52
3965 243
3966 42
3967 356
3968 63
3969 17
3970 198
3971 287
3972 20
3973 67
3974 99
3975 76
3976 230
3977 26
3978 103
3979 77
3980 29
3981 176
3982 63
3983 108
3984 57
3985 265
3986 37
3987 33
3988 171
3989 179
3990 59
3991 43
3992 350
3993 281
3994 148
3995 139
3996 91
3997 242
3998 258
3999 596
4000 53
4001 354
4002 48
4003 33
4004 101
4005 195
4006 168
4007 440
4008 19
4009 247
4010 21
4011 40
4012 41
4013 179
4014 175
4015 86
4016 542
4017 34
4018 109
4019 20
4020 68
4021 608
4022 325
4023 75
4024 194
4025 25
4026 239
4027 41
4028 422
4029 56
4030 104
4031 41
4032 126
4033 522
4034 88
4035 44
4036 98
4037 38
4038 18
4039 44
4040 157
4041 653
4042 348
4043 113
4044 49
4045 40
4046 32
4047 31
4048 596
4049 307
4050 137
4051 77
4052 23
4053 405
4054 493
4055 313
4056 16
4057 30
4058 414
4059 36
4060 200
4061 26
4062 249
4063 51
4064 802
4065 16
4066 79
4067 65
4068 16
4069 26
4070 115
4071 94
4072 210
4073 19
4074 21
4075 45
4076 35
4077 183
4078 211
4079 348
4080 64
4081 38
4082 100
4083 627
4084 136
4085 651
4086 259
4087 49
4088 336
4089 563
4090 163
4091 83
4092 55
4093 126
4094 217
4095 52
4096 191
4097 24
4098 88
4099 96
4100 23
4101 79
4102 66
4103 113
4104 121
4105 47
4106 19
4107 278
4108 26
4109 19
4110 18
4111 41
4112 271
4113 25
4114 156
4115 409
4116 285
4117 164
4118 170
4119 46
4120 34
4121 107
4122 250
4123 82
4124 246
4125 30
4126 292
4127 76
4128 39
4129 23
4130 145
4131 100
4132 103
4133 93
4134 96
4135 53
4136 35
4137 63
4138 53
4139 293
4140 589
4141 175
4142 23
4143 19
4144 110
4145 20
4146 22
4147 42
4148 82
4149 41
4150 312
4151 27
4152 121
4153 130
4154 19
4155 46
4156 314
4157 42
4158 21
4159 15
4160 94
4161 371
4162 103
4163 18
4164 28
4165 39
4166 20
4167 371
4168 82
4169 1863
4170 72
4171 122
4172 57
4173 41
4174 32
4175 70
4176 19
4177 117
4178 18
4179 127
4180 70
4181 98
4182 42
4183 289
4184 22
4185 37
4186 513
4187 52
4188 32
4189 25
4190 75
4191 23
4192 17
4193 200
4194 142
4195 81
4196 21
4197 20
4198 38
4199 35
4200 40
4201 21
4202 18
4203 119
4204 189
4205 37
4206 41
4207 196
4208 36
4209 18
4210 106
4211 19
4212 134
4213 315
4214 31
4215 223
4216 23
4217 313
4218 85
4219 82
4220 203
4221 67
4222 102
4223 130
4224 257
4225 105
4226 28
4227 1000
4228 19
4229 48
4230 17
4231 45
4232 43
4233 104
4234 122
4235 102
4236 36
4237 97
4238 668
4239 50
4240 48
4241 77
4242 100
4243 115
4244 14
4245 80
4246 28
4247 63
4248 65
4249 85
4250 255
4251 80
4252 86
4253 274
4254 19
4255 32
4256 19
4257 113
4258 321
4259 15
4260 267
4261 214
4262 31
4263 26
4264 17
4265 170
4266 58
4267 29
4268 247
4269 188
4270 18
4271 436
4272 92
4273 24
4274 128
4275 28
4276 68
4277 1381
4278 29
4279 391
4280 64
4281 164
4282 24
4283 50
4284 126
4285 430
4286 162
4287 234
4288 23
4289 134
4290 42
4291 171
4292 79
4293 34
4294 106
4295 32
4296 48
4297 38
4298 229
4299 76
4300 34
4301 32
4302 193
4303 297
4304 24
4305 547
4306 71
4307 25
4308 80
4309 108
4310 232
4311 74
4312 691
4313 77
4314 28
4315 133
4316 31
4317 38
4318 386
4319 36
4320 66
4321 44
4322 297
4323 106
4324 27
4325 19
4326 105
4327 138
4328 239
4329 128
4330 33
4331 27
4332 19
4333 139
4334 125
4335 379
4336 94
4337 210
4338 22
4339 53
4340 18
4341 26
4342 181
4343 176
4344 1004
4345 477
4346 61
4347 107
4348 17
4349 16
4350 66
4351 131
4352 362
4353 97
4354 500
4355 36
4356 204
4357 39
4358 28
4359 63
4360 212
4361 109
4362 214
4363 154
4364 164
4365 17
4366 30
4367 99
4368 97
4369 31
4370 49
4371 117
4372 19
4373 250
4374 107
4375 268
4376 47
4377 147
4378 98
4379 317
4380 121
4381 345
4382 83
4383 13
4384 241
4385 18
4386 709
4387 593
4388 370
4389 105
4390 221
4391 27
4392 22
4393 14
4394 28
4395 23
4396 20
4397 55
4398 14
4399 27
4400 22
4401 153
4402 25
4403 70
4404 300
4405 34
4406 255
4407 183
4408 437
4409 90
4410 25
4411 485
4412 84
4413 19
4414 147
4415 114
4416 131
4417 90
4418 259
4419 15
4420 38
4421 22
4422 348
4423 31
4424 25
4425 751
4426 59
4427 21
4428 61
4429 35
4430 241
4431 34
4432 57
4433 131
4434 37
4435 38
4436 196
4437 191
4438 134
4439 28
4440 66
4441 24
4442 45
4443 69
4444 71
4445 96
4446 343
4447 790
4448 806
4449 166
4450 67
4451 219
4452 158
4453 42
4454 117
4455 39
4456 127
4457 162
4458 342
4459 151
4460 117
4461 135
4462 24
4463 16
4464 17
4465 64
4466 99
4467 146
4468 69
4469 26
4470 246
4471 132
4472 391
4473 331
4474 29
4475 40
4476 157
4477 119
4478 353
4479 49
4480 369
4481 53
4482 611
4483 142
4484 200
4485 112
4486 43
4487 42
4488 265
4489 347
4490 307
4491 147
4492 14
4493 36
4494 62
4495 25
4496 152
4497 390
4498 132
4499 83
4500 24
4501 60
4502 266
4503 28
4504 18
4505 222
4506 439
4507 190
4508 965
4509 172
4510 1008
4511 125
4512 128
4513 30
4514 115
4515 17
4516 48
4517 334
4518 67
4519 31
4520 226
4521 179
4522 153
4523 311
4524 231
4525 14
4526 145
4527 16
4528 46
4529 39
4530 49
4531 197
4532 101
4533 46
4534 67
4535 291
4536 32
4537 17
4538 29
4539 91
4540 51
4541 124
4542 24
4543 809
4544 41
4545 21
4546 34
4547 16
4548 16
4549 22
4550 21
4551 70
4552 93
4553 39
4554 16
4555 75
4556 177
4557 73
4558 16
4559 31
4560 238
4561 95
4562 252
4563 31
4564 23
4565 30
4566 119
4567 72
4568 238
4569 64
4570 32
4571 85
4572 119
4573 126
4574 37
4575 101
4576 22
4577 138
4578 424
4579 551
4580 104
4581 67
4582 43
4583 20
4584 52
4585 265
4586 35
4587 33
4588 39
4589 84
4590 45
4591 377
4592 185
4593 239
4594 27
4595 65
4596 162
4597 18
4598 87
4599 33
4600 195
4601 100
4602 61
4603 27
4604 59
4605 163
4606 89
4607 394
4608 55
4609 206
4610 132
4611 289
4612 29
4613 67
4614 17
4615 120
4616 23
4617 57
4618 57
4619 125
4620 109
4621 144
4622 17
4623 32
4624 43
4625 59
4626 314
4627 86
4628 15
4629 28
4630 19
4631 104
4632 45
4633 68
4634 79
4635 255
4636 20
4637 292
4638 34
4639 45
4640 132
4641 32
4642 25
4643 165
4644 118
4645 103
4646 30
4647 718
4648 29
4649 27
4650 119
4651 32
4652 41
4653 302
4654 66
4655 274
4656 172
4657 24
4658 460
4659 157
4660 34
4661 164
4662 133
4663 317
4664 32
4665 19
4666 281
4667 30
4668 27
4669 33
4670 82
4671 128
4672 18
4673 412
4674 71
4675 264
4676 30
4677 18
4678 61
4679 51
4680 264
4681 132
4682 618
4683 51
4684 52
4685 143
4686 74
4687 98
4688 108
4689 55
4690 64
4691 62
4692 25
4693 38
4694 59
4695 25
4696 21
4697 112
4698 24
4699 131
4700 129
4701 50
4702 34
4703 21
4704 264
4705 187
4706 79
4707 35
4708 322
4709 44
4710 29
4711 99
4712 29
4713 46
4714 47
4715 419
4716 58
4717 58
4718 107
4719 30
4720 33
4721 55
4722 26
4723 27
4724 28
4725 795
4726 236
4727 41
4728 561
4729 185
4730 21
4731 49
4732 551
4733 84
4734 137
4735 77
4736 255
4737 88
4738 159
4739 86
4740 41
4741 18
4742 201
4743 21
4744 53
4745 81
4746 75
4747 194
4748 283
4749 15
4750 195
4751 21
4752 21
4753 55
4754 197
4755 19
4756 23
4757 73
4758 22
4759 45
4760 46
4761 35
4762 57
4763 45
4764 35
4765 216
4766 36
4767 37
4768 52
4769 53
4770 28
4771 412
4772 82
4773 80
4774 161
4775 17
4776 20
4777 25
4778 24
4779 180
4780 84
4781 34
4782 91
4783 44
4784 328
4785 207
4786 307
4787 25
4788 254
4789 212
4790 302
4791 205
4792 21
4793 139
4794 87
4795 89
4796 286
4797 42
4798 97
4799 44
4800 197
4801 165
4802 518
4803 26
4804 41
4805 32
4806 133
4807 79
4808 749
4809 141
4810 165
4811 29
4812 104
4813 83
4814 127
4815 177
4816 306
4817 74
4818 40
4819 451
4820 25
4821 177
4822 23
4823 370
4824 186
4825 36
4826 129
4827 55
4828 82
4829 267
4830 93
4831 190
4832 109
4833 68
4834 222
4835 70
4836 48
4837 259
4838 33
4839 17
4840 62
4841 77
4842 59
4843 96
4844 22
4845 122
4846 22
4847 59
4848 39
4849 131
4850 31
4851 20
4852 193
4853 29
4854 141
4855 171
4856 66
4857 52
4858 89
4859 35
4860 40
4861 154
4862 73
4863 27
4864 25
4865 188
4866 60
4867 495
4868 137
4869 231
4870 95
4871 18
4872 31
4873 20
4874 27
4875 79
4876 28
4877 75
4878 35
4879 366
4880 17
4881 17
4882 163
4883 39
4884 296
4885 23
4886 84
4887 340
4888 231
4889 208
4890 131
4891 22
4892 85
4893 74
4894 32
4895 50
4896 30
4897 309
4898 192
4899 191
4900 17
4901 158
4902 106
4903 46
4904 313
4905 78
4906 199
4907 144
4908 99
4909 108
4910 40
4911 64
4912 17
4913 36
4914 42
4915 89
4916 131
4917 191
4918 226
4919 27
4920 40
4921 171
4922 147
4923 25
4924 34
4925 33
4926 16
4927 101
4928 258
4929 34
4930 82
4931 63
4932 258
4933 247
4934 145
4935 19
4936 34
4937 170
4938 28
4939 139
4940 227
4941 22
4942 218
4943 18
4944 18
4945 120
4946 206
4947 84
4948 405
4949 31
4950 374
4951 256
4952 75
4953 167
4954 101
4955 24
4956 212
4957 599
4958 358
4959 145
4960 55
4961 145
4962 169
4963 94
4964 334
4965 119
4966 41
4967 85
4968 26
4969 22
4970 25
4971 23
4972 247
4973 109
4974 23
4975 138
4976 46
4977 152
4978 60
4979 723
4980 159
4981 234
4982 33
4983 116
4984 159
4985 120
4986 20
4987 42
4988 21
4989 64
4990 48
4991 17
4992 20
4993 37
4994 110
4995 281
4996 18
4997 35
4998 63
4999 52
5000 331
5001 176
5002 221
5003 27
5004 32
5005 337
5006 33
5007 19
5008 174
5009 54
5010 39
5011 447
5012 18
5013 57
5014 121
5015 504
5016 71
5017 28
5018 201
5019 147
5020 95
5021 150
5022 26
5023 93
5024 67
5025 97
5026 696
5027 15
5028 21
5029 129
5030 23
5031 50
5032 83
5033 33
5034 110
5035 187
5036 42
5037 90
5038 170
5039 289
5040 80
5041 93
5042 308
5043 23
5044 107
5045 27
5046 702
5047 262
5048 76
5049 158
5050 69
5051 25
5052 20
5053 181
5054 580
5055 35
5056 163
5057 60
5058 33
5059 110
5060 63
5061 162
5062 19
5063 90
5064 78
5065 214
5066 26
5067 22
5068 43
5069 18
5070 387
5071 68
5072 42
5073 17
5074 605
5075 48
5076 87
5077 356
5078 44
5079 48
5080 62
5081 81
5082 173
5083 228
5084 204
5085 171
5086 126
5087 238
5088 27
5089 25
5090 334
5091 240
5092 57
5093 42
5094 43
5095 32
5096 219
5097 104
5098 158
5099 161
5100 682
5101 42
5102 119
5103 241
5104 42
5105 75
5106 65
5107 486
5108 308
5109 106
5110 19
5111 638
5112 264
5113 440
5114 122
5115 33
5116 17
5117 16
5118 95
5119 17
5120 147
5121 131
5122 20
5123 84
5124 222
5125 28
5126 112
5127 42
5128 73
5129 89
5130 23
5131 326
5132 44
5133 56
5134 78
5135 63
5136 178
5137 93
5138 131
5139 100
5140 293
5141 36
5142 275
5143 92
5144 25
5145 19
5146 27
5147 30
5148 89
5149 29
5150 27
5151 133
5152 22
5153 359
5154 30
5155 22
5156 257
5157 74
5158 163
5159 15
5160 22
5161 251
5162 29
5163 403
5164 58
5165 79
5166 96
5167 114
5168 12
5169 92
5170 57
5171 25
5172 371
5173 107
5174 17
5175 29
5176 37
5177 84
5178 213
5179 30
5180 98
5181 42
5182 253
5183 79
5184 243
5185 208
5186 62
5187 98
5188 75
5189 34
5190 31
5191 28
5192 15
5193 163
5194 57
5195 57
5196 59
5197 106
5198 219
5199 26
5200 49
5201 86
5202 28
5203 29
5204 33
5205 284
5206 23
5207 16
5208 96
5209 100
5210 52
5211 85
5212 25
5213 29
5214 28
5216 17
5217 97
5218 35
5219 109
5220 566
5221 23
5222 246
5223 169
5224 28
5225 167
5226 65
5227 128
5228 17
5229 55
5230 101
5231 25
5232 104
5233 85
5234 165
5235 28
5236 102
5237 50
5238 15
5239 227
5240 30
5241 79
5242 92
5243 22
5244 26
5245 26
5246 98
5247 26
5248 82
5249 281
5250 233
5251 144
5252 51
5253 129
5254 62
5255 117
5256 675
5257 81
5258 18
5259 28
5260 178
5261 82
5262 52
5263 111
5264 122
5265 221
5266 25
5267 74
5268 378
5269 268
5270 83
5271 346
5272 74
5273 242
5274 19
5275 76
5276 65
5277 241
5278 144
5279 40
5280 23
5281 219
5282 238
5283 234
5284 58
5285 36
5286 145
5287 168
5288 37
5289 367
5290 30
5291 52
5292 26
5293 60
5294 120
5295 18
5296 57
5297 28
5298 49
5299 46
5300 229
5301 121
5302 188
5303 34
5304 24
5305 214
5306 507
5307 49
5308 34
5309 16
5310 76
5311 41
5312 588
5313 74
5314 16
5315 24
5316 31
5317 421
5318 74
5319 300
5320 16
5321 227
5322 83
5323 193
5324 131
5325 39
5326 102
5327 130
5328 42
5329 443
5330 53
5331 59
5332 56
5333 658
5334 45
5335 123
5336 41
5337 150
5338 84
5339 92
5340 176
5341 96
5342 85
5343 29
5344 162
5345 271
5346 42
5347 211
5348 36
5349 187
5350 175
5351 20
5352 161
5353 96
5354 37
5355 144
5356 32
5357 38
5358 21
5359 416
5360 27
5361 143
5362 76
5363 49
5364 273
5365 244
5366 99
5367 928
5368 83
5369 199
5370 19
5371 263
5372 31
5373 30
5374 40
5375 24
5376 200
5377 31
5378 141
5379 31
5380 17
5381 22
5382 51
5383 24
5384 37
5385 35
5386 120
5387 575
5388 16
5389 118
5390 175
5391 20
5392 18
5393 171
5394 661
5395 95
5396 64
5397 317
5398 25
5399 46
5400 19
5401 116
5402 77
5403 133
5404 174
5405 89
5406 97
5407 24
5408 78
5409 17
5410 40
5411 21
5412 225
5413 183
5414 66
5415 43
5416 35
5417 37
5418 203
5419 64
5420 140
5421 64
5422 131
5423 73
5424 111
5425 40
5426 238
5427 69
5428 310
5429 101
5430 116
5431 65
5432 144
5433 558
5434 194
5435 37
5436 28
5437 131
5438 75
5439 17
5440 29
5441 153
5442 50
5443 321
5444 32
5445 110
5446 101
5447 103
5448 272
5449 89
5450 250
5451 73
5452 223
5453 209
5454 48
5455 116
5456 34
5457 139
5458 328
5459 139
5460 71
5461 37
5462 29
5463 225
5464 93
5465 18
5466 183
5467 20
5468 311
5469 92
5470 79
5471 18
5472 252
5473 92
5474 31
5475 300
5476 28
5477 21
5478 27
5479 80
5480 120
5481 38
5482 301
5483 170
5484 64
5485 93
5486 33
5487 38
5488 192
5489 56
5490 99
5491 159
5492 300
5493 432
5494 63
5495 23
5496 65
5497 118
5498 47
5499 60
5500 50
5501 450
5502 96
5503 34
5504 475
5505 80
5506 44
5507 31
5508 61
5509 80
5510 54
5511 569
5512 192
5513 53
5514 33
5515 37
5516 106
5517 257
5518 92
5519 266
5520 125
5521 40
5522 409
5523 291
5524 124
5525 17
5526 218
5527 21
5528 66
5529 14
5530 513
5531 124
5532 72
5533 13
5534 56
5535 144
5536 516
5537 56
5538 153
5539 361
5540 61
5541 21
5542 58
5543 262
5544 36
5545 129
5546 25
5547 123
5548 133
5549 25
5550 513
5551 50
5552 44
5553 204
5554 79
5555 430
5556 226
5557 153
5558 205
5559 31
5560 66
5561 173
5562 60
5563 29
5564 40
5565 156
5566 97
5567 322
5568 273
5569 193
5570 248
5571 92
5572 60
5573 138
5574 136
5575 213
5576 238
5577 24
5578 65
5579 20
5580 334
5581 26
5582 113
5583 91
5584 58
5585 206
5586 21
5587 40
5588 28
5589 33
5590 27
5591 34
5592 104
5593 129
5594 105
5595 165
5596 151
5597 163
5598 119
5599 183
5600 214
5601 76
5602 60
5603 132
5604 197
5605 588
5606 18
5607 121
5608 22
5609 33
5610 36
5611 21
5612 27
5613 69
5614 666
5615 232
5616 103
5617 64
5618 73
5619 74
5620 176
5621 386
5622 74
5623 211
5624 97
5625 130
5626 147
5627 637
5628 14
5629 77
5630 210
5631 60
5632 50
5633 29
5634 229
5635 21
5636 663
5637 37
5638 88
5639 32
5640 26
5641 108
5642 42
5643 825
5644 61
5645 219
5646 82
5647 125
5648 95
5649 155
5650 253
5651 30
5652 82
5653 187
5654 236
5655 92
5656 19
5657 155
5658 100
5659 174
5660 28
5661 98
5662 61
5663 210
5664 237
5665 35
5666 31
5667 273
5668 74
5669 40
5670 59
5671 85
5672 25
5673 59
5674 32
5675 459
5676 111
5677 193
5678 107
5679 137
5680 122
5681 24
5682 477
5683 91
5684 380
5685 30
5686 419
5687 73
5688 77
5689 400
5690 22
5691 99
5692 51
5693 36
5694 23
5695 25
5696 21
5697 17
5698 257
5699 242
5700 32
5701 95
5702 100
5703 59
5704 73
5705 141
5706 137
5707 77
5708 91
5709 99
5710 62
5711 43
5712 68
5713 27
5714 81
5715 75
5716 170
5717 301
5718 148
5719 21
5720 290
5721 41
5722 309
5723 159
5724 82
5725 19
5726 124
5727 44
5728 256
5729 44
5730 67
5731 45
5732 30
5733 171
5734 166
5735 19
5736 83
5737 70
5738 416
5739 44
5740 60
5741 40
5742 40
5743 24
5744 359
5745 50
5746 62
5747 465
5748 45
5749 320
5750 97
5751 76
5752 130
5753 66
5754 258
5755 413
5756 30
5757 92
5758 120
5759 459
5760 25
5761 178
5762 234
5763 544
5764 47
5765 193
5766 78
5767 285
5768 61
5769 126
5770 122
5771 216
5772 19
5773 23
5774 49
5775 167
5776 150
5777 96
5778 54
5779 315
5780 208
5781 21
5782 88
5783 25
5784 23
5785 108
5786 269
5787 358
5788 666
5789 38
5790 71
5791 84
5792 211
5793 24
5794 237
5795 1038
5796 20
5797 99
5798 83
5799 27
5800 21
5801 139
5802 30
5803 53
5804 19
5805 116
5806 190
5807 42
5808 60
5809 193
5810 14
5811 243
5812 733
5813 65
5814 20
5815 62
5816 27
5817 22
5818 23
5819 20
5820 40
5821 53
5822 59
5823 85
5824 445
5825 96
5826 198
5827 87
5828 14
5829 57
5830 39
5831 974
5832 64
5833 66
5834 24
5835 22
5836 40
5837 426
5838 180
5839 23
5840 199
5841 267
5842 45
5843 177
5844 64
5845 193
5846 52
5847 291
5848 329
5849 31
5850 47
5851 127
5852 267
5853 125
5854 328
5855 46
5856 49
5857 158
5858 162
5859 28
5860 60
5861 145
5862 172
5863 13
5864 26
5865 90
5866 28
5867 25
5868 57
5869 64
5870 28
5871 80
5872 219
5873 21
5874 234
5875 117
5876 18
5877 15
5878 469
5879 43
5880 589
5881 227
5882 28
5883 22
5884 65
5885 101
5886 382
5887 64
5888 493
5889 109
5890 261
5891 64
5892 88
5893 116
5894 92
5895 47
5896 160
5897 37
5898 22
5899 17
5900 106
5901 27
5902 71
5903 61
5904 19
5905 125
5906 105
5907 38
5908 164
5909 21
5910 105
5911 147
5912 103
5913 61
5914 27
5915 245
5916 582
5917 178
5918 16
5919 26
5920 110
5921 37
5922 187
5923 23
5924 123
5925 161
5926 45
5927 161
5928 39
5929 80
5930 73
5931 64
5932 19
5933 31
5934 25
5935 31
5936 27
5937 87
5938 155
5939 83
5940 35
5941 23
5942 128
5943 52
5944 27
5945 32
5946 74
5947 115
5948 314
5949 152
5950 329
5951 43
5952 112
5953 65
5954 775
5955 307
5956 238
5957 182
5958 92
5959 55
5960 156
5961 239
5962 18
5963 148
5964 438
5965 29
5966 53
5967 18
5968 25
5969 83
5970 38
5971 129
5972 352
5973 29
5974 185
5975 44
5976 104
5977 40
5978 320
5979 29
5980 171
5981 231
5982 104
5983 25
5984 27
5985 75
5986 98
5987 43
5988 67
5989 61
5990 234
5991 68
5992 53
5993 23
5994 63
5995 157
5996 469
5997 44
5998 130
5999 18
6000 409
6001 190
6002 267
6003 209
6004 46
6005 72
6006 95
6007 280
6008 30
6009 50
6010 244
6011 161
6012 17
6013 102
6014 81
6015 45
6016 746
6017 24
6018 126
6019 72
6020 36
6021 102
6022 39
6023 120
6024 76
6025 221
6026 64
6027 31
6028 40
6029 28
6030 96
6031 37
6032 83
6033 51
6034 18
6035 227
6036 708
6037 151
6038 18
6039 95
6040 274
