1 1.0718556177816032
2 1.0075161533295556
3 0.9846460453816569
4 0.9589956062881936
5 0.9424553267053554
6 0.924415854846848
7 0.9266031054068936
8 0.9301894973514505
9 0.9262027064223035
10 0.9584847904170057
11 0.9098530955071547
12 0.9093880868308174
13 0.9302091948801915
14 0.8762579169963991
15 0.823544345219892
16 0.9393444039389848
17 0.8726584961260674
18 0.9789782171353039
20 0.8182836544536816
21 0.8569185299138001
22 1.0661712377071157
24 0.6786642736429893
25 1.107057283169796
32 0.8787554371432114