1 1.0689927294326618
2 1.006009747690589
3 0.9873465632878279
4 0.9566356794608194
5 0.9433922945756841
6 0.9245364928251194
7 0.92727820627162
8 0.932901627667868
9 0.9244845767730945
10 0.9582618875416303
11 0.9100227820416846
12 0.9098645247283521
13 0.9315829895625432
14 0.8777045212918806
15 0.8296674510111086
16 0.9391034136272172
17 0.8722842657754813
18 0.979996365645085
20 0.8217731021022557
21 0.8570928055603674
22 1.0658008257315728
24 0.6776612889039306
25 1.1032662057926277
32 0.8789167313332257