1 30
2 40
3 22
4 5
6 148
7 105
8 17
9 25
10 25
11 5
12 56
13 236
14 3
15 6
16 19
17 10
18 5
19 7
20 5
21 27
22 8
24 19
25 15
26 27
28 86
29 1
31 5
33 2
35 33
36 4
37 12
40 194
41 4
43 6
44 14
46 47
47 4
49 53
50 26
52 21
54 16
56 24
57 51
58 14
59 17
60 14
62 16
63 47
64 14
65 13
66 13
67 10
68 34
69 9
70 18
71 25
73 11
75 8
76 19
77 4
78 3
79 9
81 2
82 31
84 97
85 8
86 5
87 11
88 38
89 31
90 10
94 4
95 11
97 18
98 10
99 19
100 34
101 41
102 4
106 5
107 16
108 103
109 12
110 34
114 23
115 15
116 43
117 15
118 15
119 32
122 5
123 3
126 32
129 45
130 22
131 68
133 5
134 20
135 83
136 172
137 26
138 8
139 4
140 9
141 5
142 51
143 45
144 8
145 29
147 50
148 16
149 1
150 3
152 2
153 22
154 22
155 16
156 9
157 18
158 60
159 16
161 36
162 16
163 5
164 20
165 75
167 7
168 7
171 46
172 30
174 53
175 36
176 41
177 9
178 17
180 37
181 2
182 17
183 11
184 26
185 21
186 16
187 78
188 33
189 10
190 37
192 14
193 10
194 3
195 12
196 12
197 5
198 12
199 15
200 30
201 123
202 19
203 8
204 40
205 9
209 21
211 31
212 72
214 9
216 6
217 10
218 2
219 12
220 17
221 19
222 12
223 19
224 5
226 12
227 5
228 21
229 6
231 15
233 41
234 14
236 33
237 6
240 14
241 1
242 14
245 67
246 3
247 6
248 711
249 10
250 30
251 21
252 84
253 36
254 12
256 5
258 130
260 3
261 10
262 5
263 1
264 44
271 3
272 1
273 9
274 51
275 29
276 17
277 12
278 7
280 71
281 85
283 2
284 11
285 9
288 24
289 16
292 9
294 9
295 26
297 1
299 21
300 4
301 14
302 14
303 6
306 28
307 34
308 16
310 47
311 14
312 7
313 4
314 16
315 6
317 41
318 10
320 7
321 21
322 18
323 11
324 16
325 17
326 16
327 23
328 10
329 2
333 9
334 4
335 9
336 10
337 4
338 19
339 6
341 48
342 5
343 4
345 12
346 2
348 4
349 63
350 71
352 42
354 6
356 5
358 8
359 13
360 13
361 6
362 7
364 10
365 33
367 1
368 14
369 4
370 3
371 5
373 9
374 5
375 5
376 17
377 28
378 11
381 42
383 5
384 44
385 31
386 22
387 17
388 8
389 6
390 14
392 9
393 4
394 10
395 38
396 22
399 11
400 23
401 40
402 19
404 78
405 26
408 28
409 7
410 18
411 7
412 10
413 20
415 3
416 6
417 3
419 7
420 29
421 5
422 8
423 75
424 15
426 7
429 16
430 2
431 24
432 13
434 4
435 6
438 33
440 13
442 2
443 3
444 8
445 5
446 7
447 17
450 6
451 8
453 12
454 12
455 12
456 6
458 14
460 15
461 84
462 13
463 6
464 8
465 155
466 10
467 17
468 1
469 13
471 15
472 28
473 26
475 6
476 25
478 24
481 13
482 5
484 23
485 9
486 21
487 6
488 13
489 14
490 10
492 7
494 1
495 32
496 8
499 16
500 3
501 12
504 6
507 18
509 11
512 6
513 10
514 3
515 28
518 10
520 8
521 12
522 17
524 14
526 7
527 13
528 30
530 5
531 7
532 13
534 4
536 8
538 11
539 11
540 8
541 26
543 13
544 12
547 29
548 2
550 1
551 6
553 110
555 24
556 11
557 4
559 23
560 46
561 4
562 34
563 6
564 15
565 20
566 27
568 51
569 20
570 23
573 8
574 20
575 5
576 9
577 14
578 2
579 45
580 8
584 2
585 9
586 18
587 8
589 13
590 4
591 18
594 18
596 10
597 14
598 22
600 2
601 33
603 13
605 15
606 8
607 53
609 3
611 20
614 17
615 17
616 13
618 7
619 1
620 19
623 34
624 2
626 6
627 62
628 98
629 4
630 2
631 21
632 36
633 7
634 10
636 4
637 10
639 35
640 4
641 12
642 5
644 2
645 32
646 3
647 11
650 25
651 9
653 6
654 137
656 3
657 11
658 6
659 56
660 7
661 16
663 6
664 10
665 3
667 17
668 5
669 15
670 8
672 2
675 3
678 7
680 16
683 1
684 4
685 27
687 1
688 7
689 1
690 6
691 7
692 7
694 2
696 46
697 6
698 18
701 7
702 12
703 4
704 9
705 18
706 16
707 7
708 10
709 30
710 10
713 4
714 10
715 12
717 66
718 7
720 2
721 29
727 19
728 10
729 7
731 6
732 34
733 6
734 5
735 1
736 4
737 36
738 5
740 27
741 4
742 16
743 29
744 13
746 1
747 7
748 9
749 15
750 11
751 6
752 8
753 18
754 13
757 7
759 12
760 10
761 1
762 10
763 2
768 15
769 11
770 3
772 4
774 1
775 3
778 11
780 18
781 4
782 44
783 6
784 5
786 12
787 9
788 3
789 11
790 5
793 7
794 50
796 2
798 10
799 21
800 23
801 121
802 15
803 2
804 9
805 3
806 7
810 4
812 4
814 11
815 44
817 61
819 25
821 1
824 8
825 13
826 5
827 11
828 13
829 1
830 6
831 7
833 11
836 5
838 5
839 1
840 29
842 16
846 5
848 10
851 7
852 2
853 5
855 20
856 6
857 7
858 6
859 5
860 3
861 6
862 36
863 2
864 25
866 6
867 9
868 25
869 4
870 17
871 15
873 1
874 2
875 2
876 9
877 4
878 2
879 1
880 3
884 9
885 6
886 3
887 4
889 7
890 27
891 11
892 4
893 30
894 3
896 5
898 11
903 2
904 8
905 7
906 10
907 3
911 4
916 11
917 10
919 5
920 1
921 7
922 2
923 5
924 22
925 3
927 17
928 21
929 5
930 22
931 10
933 20
935 5
936 27
937 3
939 21
942 4
943 15
945 13
947 22
948 2
950 7
951 8
952 1
954 9
955 5
956 11
957 14
959 6
960 8
961 17
962 6
966 10
971 1
974 5
975 4
976 11
977 17
981 6
986 12
987 3
989 114
991 16
992 3
994 19
995 16
996 2
998 4
1003 7
1004 4
1005 1
1007 2
1008 40
1009 2
1011 6
1012 14
1013 8
1015 12
1017 3
1018 22
1020 4
1021 6
1022 13
1023 16
1024 8
1026 4
1027 2
1028 19
1032 6
1034 5
1035 4
1036 6
1037 15
1038 3
1039 2
1040 4
1041 8
1043 10
1044 3
1045 3
1046 1
1047 5
1049 4
1050 35
1051 45
1052 8
1053 6
1054 11
1055 16
1058 7
1060 7
1061 8
1063 5
1064 25
1065 4
1068 25
1070 18
1072 33
1074 4
1075 7
1076 6
1078 2
1080 12
1083 3
1086 4
1088 10
1089 10
1090 20
1091 13
1092 6
1093 6
1094 6
1096 4
1097 15
1098 13
1099 6
1100 43
1101 12
1102 6
1103 9
1104 6
1106 6
1107 1
1108 13
1109 170
1110 34
1111 1
1112 3
1113 67
1114 19
1115 7
1116 33
1117 16
1118 24
1120 5
1122 10
1123 22
1125 7
1126 2
1127 4
1128 5
1129 17
1130 31
1132 19
1137 10
1138 6
1139 9
1140 4
1141 2
1142 22
1143 3
1144 12
1146 22
1147 9
1148 12
1149 30
1150 12
1151 12
1152 6
1154 10
1156 31
1161 7
1162 16
1165 4
1167 9
1168 15
1169 3
1170 6
1171 11
1172 21
1173 4
1174 4
1180 3
1183 5
1184 14
1185 3
1186 19
1187 8
1188 5
1190 22
1191 13
1194 12
1195 14
1196 2
1197 5
1199 17
1200 6
1201 7
1202 30
1203 12
1204 5
1205 5
1206 30
1207 11
1208 4
1209 8
1210 9
1212 31
1213 10
1214 5
1215 4
1216 5
1217 5
1218 2
1219 5
1221 11
1222 80
1223 8
1225 84
1226 9
1230 2
1232 3
1233 5
1234 12
1237 6
1238 6
1239 6
1240 27
1241 50
1244 6
1245 4
1248 10
1250 3
1251 2
1252 8
1253 3
1254 3
1255 23
1256 1
1257 3
1258 47
1259 6
1262 7
1263 2
1269 22
1270 14
1273 14
1274 4
1278 7
1279 16
1280 7
1281 9
1282 34
1283 6
1285 8
1286 2
1287 7
1290 22
1291 24
1294 11
1295 1
1296 3
1298 7
1299 4
1303 2
1304 3
1305 13
1306 22
1307 16
1308 4
1310 26
1312 20
1313 4
1315 22
1316 11
1317 9
1318 3
1320 7
1322 2
1324 1
1325 2
1329 15
1330 7
1331 9
1332 3
1338 4
1340 4
1342 14
1344 53
1345 25
1348 4
1349 7
1350 29
1351 31
1352 19
1353 10
1354 36
1356 8
1357 16
1362 35
1363 15
1364 10
1365 4
1367 1
1368 12
1372 15
1373 24
1374 16
1375 7
1376 4
1377 5
1378 15
1379 11
1381 24
1384 10
1385 35
1387 7
1388 46
1389 36
1391 4
1392 5
1393 4
1394 4
1395 10
1396 16
1397 9
1398 19
1399 12
1400 14
1402 17
1405 17
1407 52
1408 17
1409 8
1410 9
1411 6
1412 21
1413 16
1414 11
1415 17
1416 17
1417 11
1418 36
1419 46
1420 5
1421 7
1422 16
1424 13
1426 24
1427 3
1428 27
1429 14
1430 4
1431 23
1432 9
1434 15
1435 22
1436 7
1437 97
1438 17
1439 91
1440 9
1441 3
1442 14
1443 28
1444 18
1445 10
1446 9
1447 8
1448 28
1449 9
1451 20
1452 16
1453 152
1454 23
1455 35
1456 11
1457 82
1459 6
1461 24
1463 18
1464 9
1465 41
1466 1
1469 18
1471 2
1472 10
1473 3
1475 3
1476 17
1477 47
1478 3
1480 20
1481 20
1483 89
1486 12
1487 8
1489 19
1490 3
1491 7
1492 18
1493 21
1494 14
1495 7
1496 1
1498 18
1499 8
1500 27
1501 16
1504 8
1506 6
1507 8
1508 11
1510 15
1511 2
1512 44
1514 12
1515 3
1516 1
1518 6
1519 4
1523 1
1525 1
1529 5
1530 2
1533 8
1538 4
1539 1
1541 3
1542 22
1545 4
1547 5
1548 3
1550 22
1558 4
1567 6
1568 5
1569 10
1571 6
1572 25
1573 9
1576 13
1577 11
1578 13
1579 6
1580 19
1581 14
1582 2
1584 5
1585 17
1587 3
1588 7
1589 9
1591 9
1592 6
1594 10
1597 9
1598 10
1599 16
1600 4
1603 11
1605 11
1607 3
1609 10
1610 13
1614 7
1615 12
1616 11
1617 7
1618 26
1619 8
1622 17
1626 24
1629 5
1630 6
1631 29
1632 21
1634 6
1635 14
1636 4
1637 6
1638 4
1640 7
1643 4
1644 31
1645 3
1647 8
1648 19
1649 3
1650 53
1651 8
1652 6
1653 11
1654 9
1656 27
1657 2
1659 11
1660 4
1662 4
1663 24
1664 2
1665 16
1666 5
1667 7
1668 11
1670 14
1671 7
1672 12
1673 37
1675 4
1676 7
1678 4
1679 33
1680 16
1681 27
1682 5
1683 10
1685 16
1686 12
1687 5
1688 26
1689 24
1690 4
1691 34
1692 52
1694 13
1695 12
1697 46
1698 7
1699 12
1700 113
1701 7
1705 6
1706 20
1707 24
1708 21
1709 55
1710 25
1711 23
1714 3
1715 15
1716 7
1718 2
1720 10
1721 11
1722 2
1723 26
1724 6
1725 7
1726 9
1729 12
1730 4
1731 23
1732 11
1733 31
1734 65
1735 13
1736 20
1737 18
1739 43
1740 5
1742 12
1743 34
1745 1
1746 20
1747 1
1748 6
1750 3
1751 9
1755 3
1756 5
1757 8
1758 3
1759 17
1760 14
1761 64
1762 11
1763 14
1764 4
1765 14
1766 30
1767 3
1768 2
1771 1
1773 15
1774 3
1775 8
1776 3
1779 2
1780 1
1784 3
1787 18
1789 33
1790 8
1791 4
1793 17
1794 4
1795 2
1796 45
1797 1
1798 19
1799 1
1801 4
1802 2
1805 7
1806 5
1807 11
1809 4
1810 13
1811 14
1813 3
1814 20
1815 20
1816 5
1819 9
1822 23
1827 1
1828 14
1829 14
1830 38
1831 7
1833 5
1834 16
1835 10
1836 10
1837 6
1841 14
1844 4
1847 20
1848 29
1849 1
1850 4
1851 6
1852 2
1855 10
1856 5
1859 2
1860 6
1861 6
1862 2
1863 45
1866 15
1867 8
1869 4
1870 14
1872 4
1873 27
1874 7
1875 5
1877 8
1878 9
1879 21
1880 25
1881 39
1884 2
1885 9
1888 12
1891 4
1892 7
1893 47
1894 10
1895 6
1896 10
1897 9
1898 4
1899 5
1901 5
1905 15
1906 10
1907 15
1908 13
1909 48
1910 4
1911 31
1912 11
1913 33
1914 3
1915 16
1921 6
1923 4
1924 1
1926 17
1927 6
1928 5
1929 14
1930 24
1933 3
1936 2
1937 16
1941 3
1944 13
1945 4
1946 7
1948 5
1949 2
1951 8
1953 7
1954 16
1957 11
1958 5
1959 5
1960 4
1961 30
1962 19
1963 12
1965 10
1966 8
1967 63
1968 4
1969 9
1970 11
1972 3
1973 5
1974 11
1975 13
1979 17
1980 2
1981 4
1983 13
1984 15
1985 2
1986 22
1987 7
1988 7
1991 41
1992 4
1993 15
1994 17
1995 4
1996 7
1998 3
1999 4
2001 49
2004 6
2005 12
2007 5
2008 3
2009 22
2011 16
2012 19
2013 7
2014 16
2015 3
2016 15
2018 8
2019 6
2020 5
2021 19
2022 1
2023 7
2024 22
2026 17
2027 6
2029 6
2030 2
2031 12
2032 30
2033 15
2034 8
2035 20
2039 35
2040 16
2042 9
2043 45
2044 12
2045 26
2047 2
2048 32
2050 85
2051 9
2053 5
2055 4
2056 11
2057 9
2058 9
2059 1
2060 21
2063 10
2065 28
2066 52
2067 20
2069 5
2071 9
2072 11
2073 6
2074 32
2075 11
2076 9
2077 5
2078 5
2080 20
2081 2
2082 13
2083 5
2084 6
2085 3
2086 9
2087 9
2088 14
2092 4
2093 4
2094 10
2095 5
2096 7
2097 25
2099 13
2100 13
2101 4
2102 12
2103 25
2104 26
2105 18
2106 7
2107 28
2108 4
2109 24
2110 7
2113 4
2115 1
2116 3
2117 43
2118 3
2119 6
2120 4
2121 18
2122 3
2126 2
2127 10
2128 57
2130 23
2133 29
2135 11
2137 16
2138 8
2139 1
2140 8
2141 4
2143 2
2144 26
2145 10
2146 12
2147 6
2148 13
2149 13
2150 13
2152 8
2154 2
2155 13
2156 10
2157 106
2158 4
2159 5
2160 5
2161 14
2163 10
2164 9
2165 5
2166 7
2167 8
2168 12
2169 37
2170 29
2171 13
2172 19
2174 6
2175 6
2176 8
2177 36
2178 7
2179 10
2180 7
2181 8
2183 3
2184 30
2185 8
2186 2
2188 14
2189 5
2190 6
2191 15
2192 13
2193 3
2194 5
2196 1
2197 40
2198 7
2200 5
2201 4
2202 15
2203 39
2204 7
2205 3
2206 20
2208 11
2209 19
2210 7
2211 18
2212 5
2213 7
2214 16
2215 2
2216 1
2217 8
2218 7
2219 5
2220 14
2221 17
2222 9
2223 27
2224 28
2225 9
2226 19
2228 1
2229 17
2230 15
2231 8
2233 22
2234 6
2235 5
2236 3
2237 33
2238 23
2239 32
2240 5
2241 5
2242 17
2243 12
2244 7
2245 7
2247 18
2248 6
2249 11
2250 5
2251 5
2252 14
2253 8
2254 1
2256 10
2257 46
2261 9
2263 6
2264 21
2265 13
2266 13
2267 8
2269 7
2270 5
2271 13
2276 18
2278 4
2280 13
2281 17
2282 5
2284 9
2285 9
2286 12
2289 4
2290 9
2291 9
2292 12
2293 3
2295 16
2296 11
2298 11
2299 44
2300 20
2301 7
2302 69
2303 18
2304 11
2305 15
2306 2
2308 11
2309 14
2311 8
2313 1
2314 2
2315 9
2316 16
2318 12
2320 4
2321 6
2322 15
2323 12
2324 12
2326 7
2327 4
2329 7
2330 26
2332 15
2335 22
2336 36
2337 26
2338 15
2339 106
2340 12
2341 14
2342 21
2343 2
2345 6
2346 3
2347 18
2349 3
2350 25
2351 14
2352 15
2354 7
2355 30
2356 3
2357 5
2358 52
2359 5
2361 15
2364 35
2365 4
2366 27
2367 19
2368 42
2369 15
2370 16
2371 7
2372 6
2373 33
2375 9
2377 2
2378 6
