1 595 0.9636302521008386
2 492 0.9171544715447129
3 307 0.9168729641693806
4 219 0.9050228310502283
5 150 0.9109333333333328
6 105 0.9024761904761902
7 75 0.9077333333333338
8 52 0.907692307692308
9 57 0.9024561403508777
10 30 0.906666666666667
11 27 0.8992592592592593
12 17 0.9082352941176473
13 15 0.936
14 20 0.9040000000000001
15 11 0.8618181818181818
16 14 0.9057142857142857
17 7 0.8742857142857143
18 4 0.87
19 2 0.88
20 3 0.9066666666666667
21 5 0.808
22 3 0.8933333333333334
23 1 0.84
24 1 0.92
25 1 0.84
26 4 0.82
27 4 0.91
28 4 0.8999999999999999
29 1 0.92
30 1 0.8
31 2 0.8
32 1 1.0
33 1 0.92
34 3 0.8533333333333334
35 1 1.0
36 1 0.96
38 2 0.9
41 2 0.9199999999999999
47 1 0.92
50 1 1.0
51 1 0.88
53 1 0.88
57 1 0.8
63 1 0.8
74 1 0.96
216 1 0.84
