1.0 0.42620996441281384
1.1 0.47434163701067805
1.2000000000000002 0.5261743772241985
1.3010000000000002 0.5759252669039111
1.4020000000000001 0.6354092526690366
1.5030000000000001 0.703398576512456
1.604 0.7675622775800737
1.7040000000000002 0.7830249110320312
1.8050000000000002 0.7951957295373696
1.9060000000000001 0.8133629893238482
2.007 0.83007117437723
2.107 0.8487010676156654
2.2070000000000003 0.8672597864768775
2.3080000000000003 0.8724199288256321
2.4090000000000003 0.875551601423497
2.5100000000000002 0.8796797153025012
2.611 0.884430604982217
2.7110000000000003 0.8884697508896913
2.8120000000000003 0.8931138790035715
2.9130000000000003 0.8947864768683405
3.0140000000000002 0.8959608540925399
3.115 0.8977046263345329
3.2150000000000003 0.8992526690391592
3.3160000000000003 0.9004092526690523
3.4170000000000003 0.9015658362989455
3.5180000000000002 0.9020640569395149
3.619 0.9025800711743903
3.7190000000000003 0.9033985765124686
3.8200000000000003 0.9044661921708322
3.9210000000000003 0.9054448398576648
4.022 0.9064412811388034
4.122 0.9068327402135365
4.2219999999999995 0.9072241992882696
4.322 0.9077935943060631
4.422 0.9083274021352445
4.521999999999999 0.9087900355872017
4.622 0.9094839857651376
4.7219999999999995 0.9099644128114011
4.827 0.9100889679715434
4.927 0.9105160142348886
5.026999999999999 0.9107829181494792
5.127 0.9116014234875571
5.226999999999999 0.9121352313167383
5.327 0.9125088967971658
5.427 0.9127046263345324
5.526999999999999 0.9130427046263473
5.627 0.9134163701067741
5.726999999999999 0.9140213523131802
5.827 0.9147153024911162
5.927 0.9151779359430733
6.026999999999999 0.9154982206405822
6.127 0.9159964412811519
6.226999999999999 0.9165836298932516
6.327 0.917010676156597
6.427 0.9176334519573088
6.526999999999999 0.9181672597864904
6.627 0.9185053380783053
6.726999999999999 0.9189501779359567
6.827 0.9195195729537504
6.927 0.9200000000000137
7.026999999999999 0.9203914590747468
7.127 0.9208896797153162
7.226999999999999 0.9212455516014373
7.327 0.9216192170818643
7.427 0.9220818505338219
7.526999999999999 0.9225622775800851
7.627 0.9229537366548185
7.726999999999999 0.9235587188612243
7.827 0.9237722419928969
7.927 0.9240391459074878
8.027 0.9243060498220785
8.126999999999999 0.9246441281138935
8.227 0.9250355871886267
8.327 0.9252846975089113
8.427 0.9255693950178079
8.527 0.9258362989323986
8.626999999999999 0.9260854092526832
8.727 0.9263523131672744
8.827 0.9267615658363133
8.927 0.9271530249110463
9.027 0.9275622775800852
9.126999999999999 0.9279003558719003
9.227 0.9282740213523274
9.327 0.9286476868327548
9.427 0.9290747330961
9.527 0.9294128113879154
9.626999999999999 0.929715302491118
9.727 0.9300177935943209
9.827 0.9303914590747483
9.927 0.9308718861210113
10.027 0.9311921708185203
10.126999999999999 0.9317259786477018
10.227 0.9319395017793746
10.327 0.932099644128129
10.427 0.9324555160142498
10.527 0.9328113879003711
10.626999999999999 0.9331672597864922
10.727 0.9335587188612253
10.827 0.9341992882562429
10.927 0.9345195729537519
11.027 0.9348576512455667
11.126999999999999 0.93533807829183
11.227 0.9356227758007271
11.327 0.9359786476868481
11.427 0.9363701067615811
11.527 0.9365658362989476
11.626999999999999 0.937099644128129
11.727 0.9373131672598018
11.827 0.9375088967971684
11.927 0.9376512455516168
12.027 0.9379537366548198
12.126999999999999 0.9380782918149623
12.229 0.9382384341637166
12.328999999999999 0.938345195729553
12.429 0.9385765124555316
12.529 0.9388612099644286
12.629 0.939092526690407
12.729 0.9393060498220797
12.828999999999999 0.9395551601423643
12.929 0.9397686832740368
13.029 0.9400355871886273
13.129 0.9403024911032183
13.229 0.9404092526690545
13.328999999999999 0.9406049822064211
13.429 0.9408362989323997
13.529 0.9410854092526846
13.629 0.9413523131672753
13.729 0.9414946619217238
13.828999999999999 0.9416370106761722
13.929 0.9417081850533964
14.029 0.9419217081850689
14.129 0.9422597864768842
14.229 0.9425444839857807
14.328999999999999 0.9428113879003717
14.429 0.9429715302491259
14.529 0.9431850533807986
14.629 0.9433807829181652
14.729 0.9436654804270617
14.828999999999999 0.9438256227758159
14.929 0.9439679715302645
15.029 0.944128113879019
15.129 0.9442882562277735
15.229 0.9445729537366703
15.328999999999999 0.9446619217082004
15.429 0.9448398576512608
15.529 0.9449822064057092
15.629 0.9451779359430758
15.73 0.9454626334519725
15.83 0.9457473309608693
15.93 0.9458540925267055
16.03 0.9459430604982358
16.130000000000003 0.946032028469766
16.231 0.9461743772242145
16.331000000000003 0.9463167259786627
16.432000000000002 0.9464590747331112
16.533 0.9467259786477019
16.633000000000003 0.9468327402135384
16.734 0.9470106761565988
16.834000000000003 0.9471886120996592
16.935000000000002 0.9473665480427199
17.036 0.9476334519573109
17.136000000000003 0.9479715302491255
17.237000000000002 0.9480604982206556
17.34 0.9482384341637162
17.44 0.9483096085409403
17.540000000000003 0.9485053380783071
17.641000000000002 0.948772241992898
