0 0.20039145907473402
1 0.3689323843416397
2 0.47841637010676186
3 0.5753914590747334
4 0.6640925266903945
5 0.740213523131676
6 0.8053202846975149
7 0.8555160142348845
8 0.893736654804281
9 0.9209786476868443
10 0.9404092526690511
11 0.9529715302491212
12 0.9624377224199387
13 0.9698042704626417
14 0.9758540925266976
15 0.9799288256227819
16 0.9836298932384397
17 0.9863345195729587
18 0.9884341637010721
19 0.9900533807829222
20 0.991263345195733
21 0.9923487544484019
22 0.9932028469750919
23 0.9938256227758033
24 0.9944306049822086
25 0.994946619217084
26 0.9952313167259808
27 0.9956939501779378
28 0.9960854092526708
29 0.9963701067615676
