36
54
25
6
188
133
20
30
26
7
72
294
4
9
24
12
6
9
8
34
11
21
17
32
2
103
3
20
11
1
3
38
6
20
3
2
250
6
2
7
16
3
53
5
3
68
33
2
22
4
19
1
29
62
21
18
16
17
62
20
14
14
11
45
12
20
30
13
1
10
20
5
7
11
3
4
43
2
111
9
7
12
47
38
12
2
4
5
15
1
23
11
30
41
57
6
9
10
1
6
22
131
17
43
5
31
22
54
18
17
36
3
2
7
5
6
9
41
2
58
23
87
3
8
22
105
212
30
10
5
11
7
68
48
10
34
63
21
4
4
3
27
33
21
12
23
77
17
1
46
18
6
24
95
1
10
8
3
2
53
36
2
64
45
49
15
21
48
3
18
18
38
27
19
107
43
14
52
2
18
12
4
15
16
7
13
16
43
151
23
9
52
13
1
15
25
3
36
85
2
10
7
9
12
3
14
22
22
17
34
7
2
16
6
27
10
4
19
3
53
15
38
10
7
18
2
22
82
7
7
862
11
37
24
102
41
17
1
6
3
162
10
4
11
9
4
63
5
1
6
2
4
5
15
58
37
18
16
8
10
88
113
3
13
10
5
7
30
25
11
15
3
12
35
1
3
2
25
5
16
18
8
8
2
36
39
21
5
60
17
9
6
20
7
2
48
11
3
8
26
20
14
18
24
27
30
11
3
2
4
1
10
10
12
12
8
21
7
1
70
8
8
1
14
4
4
5
75
92
1
50
3
8
1
6
2
12
16
14
7
10
1
13
40
1
2
16
5
4
7
11
6
6
20
34
14
2
52
1
6
50
38
27
18
10
9
15
7
12
5
12
45
29
6
1
13
28
54
24
2
102
40
2
33
8
20
8
15
21
1
4
7
5
2
8
35
7
11
100
21
4
9
4
17
4
27
16
1
5
10
3
2
36
2
16
10
5
4
11
7
8
27
4
7
10
13
21
16
8
15
2
16
111
15
11
16
202
11
21
3
15
10
19
35
28
5
7
34
12
33
3
2
18
6
35
14
31
7
14
25
12
11
7
2
41
9
1
3
17
4
13
7
4
8
3
20
3
16
1
7
13
5
33
3
11
2
12
14
18
2
19
5
10
14
38
3
6
9
14
3
5
1
10
4
14
13
10
33
4
17
15
2
1
34
3
2
2
8
6
135
29
13
5
1
33
53
7
50
9
19
26
32
5
66
21
26
1
5
8
24
6
10
19
5
57
10
1
9
3
10
19
9
1
16
5
22
7
27
9
11
17
25
1
3
41
3
15
5
20
13
67
2
4
3
28
3
7
18
25
17
2
12
3
20
4
38
3
3
9
71
119
5
4
27
44
9
15
2
5
13
46
8
14
6
4
4
36
4
14
2
1
34
15
1
8
161
10
4
14
7
70
9
20
1
9
12
4
22
6
18
9
1
4
3
1
4
6
5
8
6
19
2
10
4
6
35
2
2
12
2
7
9
8
1
3
1
58
8
21
11
5
9
14
5
11
21
20
8
11
32
11
8
3
5
15
19
7
84
9
7
3
36
2
1
3
2
23
16
8
1
11
43
8
6
2
5
41
8
2
36
5
23
32
14
6
2
8
12
22
17
9
10
23
18
2
3
12
5
14
11
2
12
5
1
3
1
20
14
4
1
5
2
4
3
4
14
5
27
5
54
7
7
9
15
11
4
12
6
7
8
59
1
3
4
11
26
28
151
18
3
10
4
9
15
3
3
5
1
5
7
12
62
1
74
2
27
1
3
1
10
16
7
16
17
3
7
9
3
18
1
4
7
1
7
3
38
24
4
1
6
1
11
1
1
8
4
6
9
24
8
9
7
6
6
8
47
3
35
8
8
12
34
5
21
20
1
3
3
3
10
5
4
2
4
2
3
7
12
7
4
5
4
9
32
16
5
35
5
6
6
12
2
1
13
3
9
10
13
4
1
7
1
5
1
2
12
12
6
2
9
4
6
25
4
7
29
27
8
29
13
5
25
9
32
5
3
28
2
5
6
17
1
17
27
3
1
8
9
2
11
6
14
18
3
8
11
19
9
3
2
11
1
1
2
1
2
8
6
13
19
3
1
9
5
1
13
1
15
6
142
1
17
5
2
25
21
3
1
5
3
1
1
8
8
6
2
1
4
49
3
1
8
21
9
17
2
6
30
1
5
8
16
21
13
1
6
4
26
4
1
1
10
6
8
8
18
5
3
7
11
5
11
4
4
2
8
3
9
42
56
10
8
13
25
4
8
7
9
8
7
33
6
7
3
30
3
20
2
43
1
5
9
8
4
4
6
19
9
5
5
5
4
6
6
13
13
26
19
7
8
7
4
5
21
16
8
54
13
8
11
7
4
8
2
16
227
42
2
5
84
29
8
36
22
34
4
7
4
11
32
10
6
5
7
19
41
3
22
1
1
3
13
9
10
5
3
29
4
19
4
30
10
15
38
13
15
8
1
13
2
42
4
5
3
3
9
17
4
1
6
1
12
21
4
9
14
29
5
7
4
3
6
3
7
8
17
7
22
10
6
7
30
19
9
2
13
17
4
6
1
18
8
8
39
15
6
6
36
14
6
9
10
3
38
13
6
6
7
6
3
6
3
15
105
9
2
102
16
2
1
4
4
7
14
1
5
9
7
7
45
66
2
4
7
6
3
5
11
11
5
3
9
4
4
26
2
6
54
7
3
1
8
4
1
3
4
4
27
19
1
6
18
5
1
1
15
20
10
11
43
7
2
12
3
8
1
13
25
29
6
5
16
2
6
8
6
1
4
3
3
4
16
24
21
5
29
9
25
5
3
28
13
11
4
5
9
2
3
3
2
3
1
5
1
18
10
12
4
4
1
4
13
5
5
6
5
4
19
3
63
32
4
5
6
8
37
37
23
15
45
1
9
21
3
1
2
2
43
17
15
6
2
16
2
11
2
18
31
18
9
5
8
20
18
5
32
8
10
12
40
1
9
63
45
2
7
6
6
6
12
24
10
25
18
16
19
2
1
22
9
62
21
14
13
8
25
20
14
22
21
12
52
54
9
8
20
3
13
6
31
4
32
19
6
25
12
6
18
27
8
122
23
106
13
4
16
33
22
11
10
12
36
10
3
22
19
200
29
43
13
109
6
7
25
24
13
51
4
5
3
20
4
6
12
4
3
4
20
55
4
22
29
4
124
9
16
11
1
21
4
8
19
22
16
9
2
1
23
11
31
21
13
10
5
7
13
13
1
16
3
54
3
15
4
2
5
9
6
2
1
3
3
2
2
6
3
9
3
6
1
11
9
6
1
8
2
1
4
29
1
7
4
8
7
1
24
1
3
3
1
1
2
6
7
1
4
1
9
6
13
1
9
34
14
11
1
19
13
16
8
21
17
3
9
6
25
4
5
8
11
13
8
1
12
1
4
14
13
18
6
5
5
15
13
4
3
13
16
11
2
1
9
15
14
8
35
10
16
1
23
3
1
6
30
1
1
6
8
39
25
3
8
17
5
8
5
2
8
1
8
38
5
12
23
5
64
9
7
13
12
1
35
3
3
15
5
10
5
25
3
20
8
8
13
18
9
14
52
5
5
8
1
7
38
20
38
6
12
2
18
15
7
34
34
5
41
62
12
16
17
2
52
10
15
135
12
5
9
10
32
27
27
61
34
29
7
7
4
17
8
4
3
3
12
13
3
31
7
9
12
1
18
6
28
19
35
78
16
21
22
1
58
6
2
13
44
2
23
3
7
1
6
13
1
4
6
10
5
23
15
79
14
15
6
18
31
4
3
4
2
6
17
4
10
4
3
3
4
2
6
7
4
2
1
23
3
39
11
6
1
21
6
3
63
2
21
2
1
5
3
4
2
8
6
13
6
5
16
19
9
4
28
24
6
10
1
2
26
10
1
8
4
16
15
54
8
3
8
22
13
12
7
3
3
17
2
4
5
10
1
26
34
3
6
7
3
6
3
11
7
1
3
4
7
9
3
59
6
20
10
1
5
15
1
5
32
8
6
2
11
11
25
31
46
6
2
4
11
4
4
13
7
2
5
11
59
12
7
13
11
6
6
9
9
3
1
7
18
14
21
19
53
7
43
14
37
5
19
2
4
5
17
7
5
7
2
19
9
6
25
29
2
4
1
2
4
21
5
3
4
11
9
18
7
12
9
3
3
9
1
9
22
8
9
13
6
6
8
39
25
13
2
11
10
84
5
11
14
2
5
6
13
17
3
3
4
19
3
5
5
19
17
3
25
10
10
3
3
51
5
17
19
5
10
4
5
62
6
8
15
2
6
6
32
4
19
22
8
17
4
23
10
10
8
6
23
3
9
26
4
19
9
3
11
3
13
33
22
17
25
5
1
3
44
20
3
10
55
14
30
6
4
37
2
109
14
9
9
3
5
12
13
14
3
27
2
11
8
34
67
26
3
6
2
13
14
8
37
14
13
8
6
25
5
18
8
7
6
11
12
16
1
2
5
6
13
6
8
29
5
16
16
6
16
28
28
20
9
36
5
32
9
7
5
2
2
4
50
5
7
6
22
6
9
10
13
3
12
68
7
29
3
1
35
2
16
19
10
2
11
8
1
3
34
11
15
9
14
14
16
2
9
1
3
14
15
128
5
7
6
17
1
15
11
6
8
9
14
43
37
18
23
7
7
8
11
46
8
14
9
12
13
5
34
13
3
3
20
6
7
23
16
4
7
3
2
52
9
2
7
7
22
44
8
4
24
6
13
22
9
24
7
12
20
3
3
9
9
6
16
20
10
33
33
10
25
10
2
20
22
11
4
24
7
6
4
36
26
43
6
7
21
16
10
11
5
28
10
12
7
6
15
10
3
13
56
4
13
2
10
25
15
15
10
5
8
10
18
6
2
23
4
8
1
14
23
8
1
12
10
18
10
1
6
13
14
15
4
1
18
15
1
13
55
28
9
82
23
12
18
3
5
12
16
6
9
2
3
10
21
14
5
6
10
19
15
16
10
10
5
9
30
10
23
6
27
47
33
20
137
14
19
25
3
1
8
5
26
20
4
28
21
24
1
8
35
4
6
58
8
6
17
13
3
40
7
34
22
56
16
21
10
8
47
10
3
3
9
