0 0.01076512455516001
1 0.37839857651245773
2 0.765533807829184
3 0.8699288256227852
4 0.8939679715302623
5 0.9016370106761696
6 0.9065658362989456
7 0.9098754448398707
8 0.9124021352313294
9 0.9150889679715429
10 0.9181494661921844
11 0.9211209964412949
12 0.9236654804270604
13 0.9254092526690536
14 0.9272597864768825
15 0.9296263345195878
16 0.9318683274021503
17 0.9340925266904067
18 0.9362633451957448
19 0.9379537366548198
20 0.9392348754448553
21 0.9404092526690545
22 0.9415836298932542
23 0.94295373665482
24 0.9440035587188765
25 0.9449822064057092
26 0.9459964412811539
27 0.9468327402135384
28 0.9479893238434315
29 0.9488612099644281
