0 0.029555160142348418
1 0.17736654804270624
2 0.24900355871886226
3 0.311120996441284
4 0.3661209964412835
5 0.42487544483986045
6 0.4853202846975103
7 0.5440569395017809
8 0.5980249110320307
9 0.6441103202846987
10 0.6853558718861228
11 0.7209074733096117
12 0.748967971530253
13 0.773380782918154
14 0.7946263345195784
15 0.8119572953736708
16 0.8268327402135299
17 0.8395017793594383
18 0.8503024911032108
19 0.8605160142348836
20 0.8690747330960935
21 0.877046263345204
22 0.8848932384341729
23 0.8923843416370209
24 0.8991637010676272
25 0.9049110320284817
26 0.9107117437722551
27 0.9153736654804407
28 0.9201067615658503
29 0.9243772241993025
