1.0 0.31549822064057226
1.1 0.3349288256227782
1.2000000000000002 0.35862989323843647
1.3010000000000002 0.3781138790035615
1.4020000000000001 0.39693950177936216
1.5030000000000001 0.41770462633452266
1.604 0.4323843416370135
1.7040000000000002 0.4475266903914618
1.8050000000000002 0.468683274021354
1.9060000000000001 0.4904092526690404
2.007 0.5061565836298947
2.107 0.5270462633451968
2.2070000000000003 0.5471530249110336
2.3080000000000003 0.5635053380782935
2.4090000000000003 0.5845907473309617
2.5100000000000002 0.6021530249110343
2.611 0.6168149466192191
2.7110000000000003 0.632864768683275
2.8120000000000003 0.6479181494661935
2.9130000000000003 0.6613701067615676
3.0140000000000002 0.677366548042707
3.115 0.6896441281138807
3.2150000000000003 0.7005516014234885
3.3160000000000003 0.7140747330960886
3.4170000000000003 0.7243238434163737
3.5180000000000002 0.7331850533807863
3.619 0.7442704626334551
3.7190000000000003 0.7521708185053417
3.8200000000000003 0.7604448398576549
3.9210000000000003 0.7694306049822104
4.022 0.7762811387900402
4.122 0.7834875444839908
4.2219999999999995 0.7915480427046317
4.322 0.7968683274021406
4.422 0.8024555160142405
4.521999999999999 0.808950177935948
4.622 0.8139323843416426
4.7219999999999995 0.8187722419928883
4.822 0.8239679715302555
4.922 0.8282384341637077
5.021999999999999 0.8321530249110392
5.122 0.8366192170818579
5.223 0.8409608540925345
5.3229999999999995 0.8448042704626412
5.423 0.8485053380782995
5.523 0.8519039145907555
5.622999999999999 0.8551067615658443
5.723 0.8587188612099725
5.8229999999999995 0.8611209964412894
5.923 0.8643594306049907
6.023 0.8675266903914675
6.122999999999999 0.869982206405702
6.223 0.8726512455516096
6.3229999999999995 0.8752491103202926
6.423 0.8777935943060581
6.523 0.8805871886121082
6.622999999999999 0.8831672597864855
6.723 0.8858185053380875
6.8229999999999995 0.8886120996441373
6.923 0.8907295373665581
7.023 0.8928647686832842
7.122999999999999 0.8952846975089072
7.223 0.8976156583630005
7.3229999999999995 0.899412811387912
7.423 0.90158362989325
7.523 0.9035231316726094
7.622999999999999 0.9050889679715423
7.723 0.9070996441281259
7.8229999999999995 0.9089679715302618
7.923 0.9108362989323974
8.023 0.9121886120996572
8.123 0.9140035587188743
8.222999999999999 0.9155693950178073
8.327 0.9172597864768821
8.427 0.9188434163701207
8.527 0.9205516014235016
8.626999999999999 0.9220818505338219
8.727 0.9232562277580215
