1 595 0.9950924369747898
2 492 0.9994308943089432
3 307 0.9993485342019545
4 219 0.9990867579908675
5 150 0.9986666666666666
6 105 0.9965714285714282
7 75 0.9957333333333335
8 52 0.9953846153846155
9 57 0.9901754385964913
10 30 0.9946666666666668
11 27 0.9925925925925928
12 17 0.9929411764705882
13 15 0.9786666666666667
14 20 0.992
15 11 0.9854545454545455
16 14 0.9942857142857143
17 7 0.9942857142857143
18 4 0.96
19 2 0.96
20 3 1.0
21 5 0.976
22 3 0.9733333333333333
23 1 1.0
24 1 0.96
25 1 0.96
26 4 0.9199999999999999
27 4 0.99
28 4 0.99
29 1 0.96
30 1 1.0
31 2 0.98
32 1 1.0
33 1 0.96
34 3 0.9733333333333333
35 1 1.0
36 1 0.96
38 2 0.98
41 2 1.0
47 1 1.0
50 1 1.0
51 1 0.92
53 1 0.96
57 1 0.92
63 1 0.92
74 1 0.88
216 1 0.96
