1.0 0.57770462633452
1.1 0.6065836298932393
1.2000000000000002 0.6398042704626343
1.3010000000000002 0.671779359430608
1.4020000000000001 0.6968683274021386
1.5030000000000001 0.7215658362989362
1.604 0.7421708185053415
1.7040000000000002 0.760996441281142
1.8050000000000002 0.7839679715302527
1.9060000000000001 0.8053202846975149
2.007 0.8244483985765193
2.107 0.8440213523131752
2.2070000000000003 0.8607651245551693
2.3080000000000003 0.8751601423487642
2.4090000000000003 0.8859786476868433
2.5100000000000002 0.8961743772242099
2.611 0.907402135231328
2.7110000000000003 0.9165480427046383
2.8120000000000003 0.9240569395017914
2.9130000000000003 0.9329003558718988
3.0140000000000002 0.9385587188612226
3.115 0.9433629893238554
3.2150000000000003 0.94852313167261
3.3160000000000003 0.9521708185053496
3.4170000000000003 0.956032028469762
3.5180000000000002 0.9590925266904021
3.619 0.9623131672597964
3.7190000000000003 0.9645551601423588
3.8200000000000003 0.9675444839857746
3.9210000000000003 0.969982206405702
4.022 0.9726690391459155
4.122 0.9747686832740293
4.2219999999999995 0.9763701067615732
4.322 0.9781316725978719
4.422 0.979430604982213
4.521999999999999 0.9805693950177997
4.622 0.9820640569395079
4.7219999999999995 0.9834519572953794
4.822 0.9845907473309665
4.922 0.985569395017799
5.021999999999999 0.9865836298932433
5.122 0.98754448398577
5.2219999999999995 0.9882562277580117
5.322 0.9889501779359479
5.422 0.9896085409252711
5.521999999999999 0.9900533807829222
5.622 0.9905338078291854
5.7219999999999995 0.9910142348754486
5.822 0.9914234875444875
5.922 0.9918683274021388
6.021999999999999 0.9922953736654838
6.122 0.9927580071174409
6.2219999999999995 0.9930604982206437
6.322 0.9932384341637039
6.422 0.9934875444839887
6.521999999999999 0.9938256227758033
6.622 0.9939145907473335
6.7219999999999995 0.9941992882562302
6.822 0.9944306049822086
6.922 0.9946441281138815
7.021999999999999 0.9948398576512478
7.122 0.9950000000000021
7.2219999999999995 0.9951779359430627
7.322 0.9951957295373687
7.422 0.9954804270462654
7.521999999999999 0.9956405693950198
7.622 0.9956939501779378
7.725 0.9958362989323861
7.824999999999999 0.9960676156583648
7.925 0.9961921708185072
8.025 0.9963345195729555
8.125 0.9963523131672615
