0 0.024178154825026277
1 0.6159915164369033
2 0.9342099681866387
3 0.9541463414634145
4 0.9593213149522798
5 0.9619088016967127
6 0.9636479321314954
7 0.9650901378579004
8 0.9663202545068935
9 0.9678048780487811
10 0.9693743372216331
11 0.9710710498409332
12 0.9726405090137858
13 0.973913043478261
14 0.9750583244962889
15 0.9757370095440091
16 0.9765429480381765
17 0.9770519618239667
18 0.9777730646871694
19 0.9786638388123018
20 0.9790880169671267
21 0.9796394485683994
22 0.9803181336161195
23 0.9807423117709444
24 0.9813785790031823
25 0.9818875927889725
26 0.9823117709437975
27 0.9828207847295876
28 0.9833722163308601
29 0.9838812301166501
