0 0.10498409331919407
1 0.3526617179215268
2 0.5216967126192997
3 0.6501802757158002
4 0.7400212089077395
5 0.8033085896076334
6 0.8484411452810167
7 0.8801696712619289
8 0.9028207847295856
9 0.9201272534464463
10 0.9324708377518554
11 0.9424814422057264
12 0.9510922587486746
13 0.9582608695652183
14 0.9642841993637334
15 0.9688229056203612
16 0.9721314952279968
17 0.9756945917285277
18 0.9791304347826105
19 0.9814209968186653
20 0.9839236479321335
21 0.9856627783669158
22 0.9875291622481459
23 0.9891410392364808
24 0.9898197242842004
25 0.9909650053022283
26 0.9918981972428434
27 0.992788971367976
28 0.9932979851537659
29 0.9939342523860034
