0 0.07024390243902376
1 0.3046871686108169
2 0.46846235418875953
3 0.608441145281018
4 0.7077412513255552
5 0.7795546129374316
6 0.8292682926829252
7 0.8657051961823954
8 0.8886108165429465
9 0.9064262990455988
10 0.9188547189819721
11 0.9304772004241773
12 0.9392152704135733
13 0.9478260869565216
14 0.954316012725345
15 0.9591516436903504
16 0.962969247083776
17 0.9672958642629922
18 0.9706468716861095
19 0.9731919406150594
20 0.9751007423117722
21 0.9767974549310726
22 0.9785365853658553
23 0.9799787910922602
24 0.9813361611877001
25 0.9827783669141051
26 0.9843054082714752
27 0.9857051961823978
28 0.9870625662778378
29 0.9878260869565225
