1.0 0.28882290562036306
1.1 0.32279957582184754
1.2020000000000002 0.36195121951219716
1.306 0.4092470837751872
1.4060000000000001 0.45056203605514467
1.508 0.4910710498409344
1.609 0.5353976670201493
1.709 0.5748462354188755
1.81 0.6211664899257686
1.9100000000000001 0.6851749734888646
2.011 0.735482502651113
2.113 0.7708589607635192
2.213 0.8114103923647903
2.313 0.8559066808059369
2.414 0.8987486744432653
2.515 0.9339978791092262
2.615 0.9368822905620362
2.7150000000000003 0.9394273594909862
2.817 0.9418875927889708
2.9170000000000003 0.9443054082714735
3.0180000000000002 0.9473170731707317
3.119 0.9511770943796394
3.2190000000000003 0.9542735949098622
3.3200000000000003 0.9546977730646871
3.4210000000000003 0.9549946977730646
3.5220000000000002 0.9557582184517497
3.623 0.95643690349947
3.7230000000000003 0.957200424178155
3.825 0.9593213149522798
3.9250000000000003 0.9596606574761399
4.026 0.9598303287380698
4.127 0.9600424178154824
4.226999999999999 0.96050901378579
4.327 0.9609756097560975
4.427 0.9617391304347827
4.526999999999999 0.9619936373276776
4.627 0.9624178154825026
4.726999999999999 0.9625450689289501
4.827 0.9627571580063626
4.927 0.9630965005302228
5.026999999999999 0.9633934252386005
5.127999999999999 0.9636903499469779
5.228 0.963944856839873
5.327999999999999 0.9641145281018029
5.428 0.9643690349946978
5.528 0.9645811240721103
5.627999999999999 0.9648356309650054
5.728 0.9650053022269355
5.827999999999999 0.9651325556733831
5.928 0.9651749734888655
6.028 0.9653870625662783
6.129 0.9655567338282082
6.2299999999999995 0.9658536585365858
6.33 0.966108165429481
6.43 0.9663202545068935
6.529999999999999 0.9664475079533409
6.63 0.9666595970307534
6.7299999999999995 0.966871686108166
6.83 0.967041357370096
6.931 0.9673382820784735
7.032 0.9677624602332986
7.132 0.9678048780487811
7.231999999999999 0.9678048780487811
7.332 0.9679745493107111
7.4319999999999995 0.9681018027571585
7.532 0.9683563096500535
7.632 0.9685683987274659
7.731999999999999 0.9692895015906682
7.832 0.9695015906680806
7.9319999999999995 0.9696712619300107
8.032 0.9700954400848358
8.132 0.9702651113467656
8.232 0.9706892895015908
8.331999999999999 0.9710286320254508
8.433 0.9711134676564158
8.533999999999999 0.9713679745493109
8.634 0.9715800636267236
8.734 0.9716648992576884
8.834 0.9720042417815484
8.934 0.9724708377518557
9.033999999999999 0.9726829268292683
9.134 0.9729374337221633
9.234 0.9730646871686108
9.334 0.9733191940615059
9.434 0.9736161187698834
9.533999999999999 0.9737009544008483
9.634 0.973913043478261
9.734 0.973913043478261
9.834999999999999 0.9740827147401909
9.935 0.974252386002121
10.035 0.9742948038176036
10.135 0.9745068928950164
10.235 0.9748462354188762
10.334999999999999 0.9750583244962889
10.435 0.9751431601272539
10.535 0.975227995758219
10.635 0.9752704135737015
10.735 0.9753976670201489
10.834999999999999 0.9755673382820791
10.935 0.9757370095440091
11.035 0.9758642629904566
11.135 0.9759066808059391
11.235 0.9759490986214215
11.334999999999999 0.976161187698834
11.435 0.9762036055143164
11.535 0.9763308589607641
11.635 0.9765429480381765
11.735 0.9765429480381765
11.834999999999999 0.9765429480381765
11.935 0.9766277836691416
12.035 0.9767126193001064
12.135 0.9768398727465541
12.235 0.9769671261930017
12.334999999999999 0.9770943796394492
12.435 0.9772216330858968
12.535 0.9772640509013792
12.636 0.9773064687168618
12.735999999999999 0.9774761399787918
12.836 0.9776033934252394
12.936 0.9777730646871694
13.036 0.9777730646871694
13.136 0.9779851537645818
13.235999999999999 0.9780699893955469
13.336 0.9781124072110295
13.436 0.9782820784729593
13.536 0.9784941675503718
13.636 0.9786638388123018
13.735999999999999 0.9786638388123018
13.836 0.9786638388123018
13.936 0.9787486744432667
14.036 0.9788335100742317
14.136 0.9790031813361617
14.237 0.9790880169671267
14.337 0.9790880169671267
14.437 0.9792576882290568
14.536999999999999 0.9792576882290568
14.637 0.9793849416755043
14.737 0.9794273594909867
14.837 0.9795546129374344
14.937 0.9796394485683994
15.036999999999999 0.9797242841993644
15.137 0.9798091198303294
15.238 0.9800212089077418
15.338 0.9800636267232244
15.437999999999999 0.9801484623541893
15.538 0.980275715800637
15.638 0.9803605514316021
15.738 0.9804029692470845
15.838 0.9804878048780494
15.937999999999999 0.9805302226935318
16.038 0.980615058324497
16.138 0.980699893955462
16.238000000000003 0.9807423117709444
16.339000000000002 0.980784729586427
16.44 0.9808695652173921
16.540000000000003 0.9810816542948047
16.641000000000002 0.9811240721102871
16.742 0.981208907741252
16.842000000000002 0.9813361611876997
16.943 0.9814209968186648
17.043000000000003 0.9814209968186648
17.144000000000002 0.9814209968186648
17.246000000000002 0.9815482502651124
17.347 0.9817179215270424
17.447000000000003 0.9818875927889725
17.548000000000002 0.9818875927889725
17.649 0.9819724284199376
17.75 0.9819724284199376
17.851000000000003 0.9819724284199376
17.952 0.9819724284199376
18.052000000000003 0.9820572640509025
18.153000000000002 0.98218451749735
18.254 0.9823117709437975
18.354000000000003 0.9823117709437975
18.455000000000002 0.9823966065747626
18.556 0.982439024390245
18.656000000000002 0.982608695652175
18.757 0.9827359490986225
18.857000000000003 0.9828207847295876
18.958000000000002 0.9828207847295876
19.059 0.9828632025450701
19.16 0.9828632025450701
19.26 0.9829904559915177
19.360000000000003 0.9831601272534477
19.461000000000002 0.9832873806998952
19.562 0.9833722163308601
19.662000000000003 0.9834570519618252
19.763 0.9834994697773076
19.864 0.9835843054082727
19.964000000000002 0.9837115588547201
20.065 0.983796394485685
20.165000000000003 0.9838812301166501
