1.0 0.34396606574761424
1.101 0.37454931071049835
1.201 0.41306468716861006
1.3010000000000002 0.4568398727465535
1.4020000000000001 0.49319194061505844
1.5030000000000001 0.5193637327677625
1.604 0.5479957582184521
1.7040000000000002 0.5782396606574771
1.8050000000000002 0.6093319194061506
1.9060000000000001 0.6380063626723225
2.007 0.658875927889713
2.107 0.680212089077411
2.2070000000000003 0.7027359490986199
2.3080000000000003 0.7226299045599135
2.4090000000000003 0.7384941675503698
2.5100000000000002 0.7521527041357357
2.611 0.7653022269353108
2.7110000000000003 0.7781124072110263
2.8120000000000003 0.7875715800636246
2.9130000000000003 0.7972004241781523
3.0140000000000002 0.80632025450689
3.115 0.8159490986214186
3.2150000000000003 0.8254931071049825
3.3160000000000003 0.8337221633085881
3.4170000000000003 0.8416967126192988
3.519 0.8488653234358419
3.62 0.8560339342523842
3.72 0.8621420996818657
3.8200000000000003 0.8682078472958631
3.9210000000000003 0.8730010604453856
4.022 0.8772428419936356
4.122999999999999 0.8810604453870607
4.223 0.8861930010604433
4.3229999999999995 0.8904772004241768
4.423 0.8942523860021194
4.523 0.8976882290562024
4.622999999999999 0.9009119830328727
4.723 0.9042629904559905
4.8229999999999995 0.9064262990455988
4.925 0.9077412513255565
5.0249999999999995 0.9093531283138916
5.125 0.9104559915164366
5.225 0.9126617179215265
5.324999999999999 0.9148674443266166
5.425 0.9172852598091196
5.5249999999999995 0.9206786850477198
5.625 0.9235206786850474
5.725 0.9255567338282074
5.824999999999999 0.9275079533404023
5.925 0.9293743372216322
6.0249999999999995 0.9305620360551423
6.125 0.9332767762460227
6.225 0.9345493107104978
6.324999999999999 0.9360763520678677
6.425 0.9379427359490982
6.526 0.9393001060445385
6.6259999999999994 0.941293743372216
6.726 0.9425662778366911
6.826 0.9443902439024389
6.925999999999999 0.9458748674443261
7.026 0.9479109225874867
7.1259999999999994 0.9493531283138917
7.226 0.9502014846235417
7.326 0.9513467656415697
7.425999999999999 0.9535949098621425
7.526 0.9547826086956525
7.6259999999999994 0.9562248144220576
7.726 0.9574125132555676
7.826 0.9582608695652178
7.925999999999999 0.9591516436903504
8.026 0.9600000000000003
8.126 0.9607211028632031
8.225999999999999 0.9615694591728533
8.326 0.9621633085896085
8.426 0.9633085896076359
8.526 0.9643266171792159
8.626 0.9652173913043487
8.725999999999999 0.9659384941675514
8.826 0.9670837751855796
8.926 0.9678472958642647
9.026 0.9686532343584323
9.126 0.9693743372216349
9.225999999999999 0.9700954400848373
9.326 0.9705620360551446
9.426 0.9709437963944871
9.526 0.9715376458112421
9.626 0.9722163308589622
9.725999999999999 0.9727677624602347
9.826 0.9731919406150594
9.926 0.9736161187698844
10.026 0.973997879109227
10.126 0.9744644750795348
10.225999999999999 0.9749734888653248
10.326 0.9754825026511148
10.426 0.9758218451749748
10.526 0.976161187698835
10.626 0.9766702014846251
10.725999999999999 0.9767974549310726
10.826 0.9770943796394501
10.926 0.9774761399787927
11.026 0.9779003181336178
11.126 0.9783669141039253
11.225999999999999 0.9788335100742329
11.326 0.9791728525980931
11.426 0.9793849416755055
11.526 0.9797242841993654
11.626 0.9798091198303304
11.725999999999999 0.9800212089077427
11.826 0.9804453870625677
11.926 0.9806574761399801
12.026 0.9809544008483576
12.126 0.9812937433722175
12.225999999999999 0.9815482502651125
12.326 0.9819300106044551
12.426 0.9821845174973503
12.526 0.9826511134676577
12.626 0.9827783669141051
12.727 0.9833297985153776
12.827 0.98354188759279
12.927 0.9837539766702028
13.027 0.9840509013785802
13.126999999999999 0.9843054082714752
13.227 0.9846871686108177
13.327 0.9848992576882303
13.427 0.9849840933191952
13.527 0.985493107104985
13.626999999999999 0.9857051961823978
13.727 0.9859597030752928
13.827 0.9861293743372228
13.927 0.9863838812301178
14.027 0.986638388123013
14.126999999999999 0.9870625662778378
14.227 0.9872322375397679
14.327 0.9872746553552503
14.427999999999999 0.9874019088016976
14.528 0.987698833510075
