1.0 0.4602757158006357
1.1 0.509989395546129
1.2000000000000002 0.5478260869565212
1.3010000000000002 0.5809119830328734
1.4020000000000001 0.6186214209968183
1.5030000000000001 0.6540402969247079
1.604 0.6816542948038166
1.7040000000000002 0.7055779427359465
1.8050000000000002 0.7342099681866366
1.9060000000000001 0.7534676564156926
2.007 0.7675079533404007
2.107 0.7824814422057241
2.2070000000000003 0.7963520678685028
2.3080000000000003 0.8081442205726388
2.4090000000000003 0.8209968186638368
2.5100000000000002 0.8312619300106019
2.611 0.8425026511134657
2.7110000000000003 0.8513679745493095
2.8120000000000003 0.8600636267232223
2.9130000000000003 0.8669353128313877
3.0140000000000002 0.8745705196182387
3.115 0.8821633085896067
3.2150000000000003 0.8877200424178142
3.3160000000000003 0.8928950159066795
3.4170000000000003 0.8993425238600198
3.5180000000000002 0.9045599151643681
3.619 0.9085471898197233
3.7190000000000003 0.912407211028631
3.8200000000000003 0.9172004241781535
3.9210000000000003 0.9213573700954389
4.022 0.9250477200424168
4.122 0.9276776246023319
4.2219999999999995 0.9306468716861076
4.322 0.9333191940615052
4.422 0.9360339342523853
4.521999999999999 0.9381548250265106
4.622 0.9404878048780483
4.7219999999999995 0.943117709437964
4.822 0.9450265111346766
4.922 0.9475291622481444
5.021999999999999 0.9496076352067873
5.122 0.9512619300106047
5.2219999999999995 0.9530858960763521
5.322 0.9546553552492046
5.422 0.9564793213149531
5.521999999999999 0.9587274655355257
5.622 0.9602545068928958
5.7219999999999995 0.961781548250266
5.822 0.9630965005302236
5.923 0.9644114528101809
6.023 0.9655567338282085
6.122999999999999 0.9662778366914112
6.223 0.9676352067868509
6.3229999999999995 0.9689501590668087
6.423 0.9698833510074237
6.523 0.9705620360551438
6.622999999999999 0.9714952279957592
6.723 0.9721314952279968
6.824 0.9732767762460244
6.9239999999999995 0.974082714740192
7.024 0.9751855779427372
7.124 0.9756521739130452
7.223999999999999 0.9767126193001078
7.324 0.9776033934252404
7.4239999999999995 0.9785365853658554
7.524 0.9790880169671281
7.624 0.979766702014848
7.723999999999999 0.9800636267232256
7.824 0.980699893955463
7.9239999999999995 0.9813361611877004
8.024000000000001 0.9818451749734903
8.125 0.9825238600212106
8.225 0.9834570519618259
8.325 0.983881230116651
8.424999999999999 0.9845599151643709
8.525 0.9849416755037134
8.625 0.9851537645811259
8.725 0.9856203605514333
8.825 0.9860445387062582
8.924999999999999 0.9864687168610834
9.025 0.9869353128313909
9.125 0.9874443266171807
9.225 0.9877836691410409
9.325 0.9881654294803834
9.424999999999999 0.988547189819726
9.525 0.9889289501590683
9.625 0.9892258748674457
9.725 0.9894379639448583
9.825 0.9895652173913057
9.924999999999999 0.9897348886532354
10.025 0.9899469777306481
10.125 0.9902014846235431
10.225 0.9905832449628856
10.325 0.9907953340402983
10.424999999999999 0.9910498409331934
10.525 0.9913043478260883
10.625 0.9915164369035009
10.725 0.991686108165431
10.825 0.9919406150583259
10.924999999999999 0.9920254506892909
11.026 0.9921102863202559
11.126 0.9925768822905636
11.225999999999999 0.992788971367976
11.326 0.9929162248144234
11.426 0.9930858960763536
11.526 0.993128313891836
11.626 0.9932979851537659
11.725999999999999 0.9936797454931082
11.826 0.9937645811240733
11.926 0.9938494167550382
12.026 0.9938918345705209
